1545
1539
4411
1294
1949
535
2323
1937
3368
2104
396
210
5313
1252
2082
600
2469
1357
2557
372
2859
63
3192
1137
1671
3412
360
3284
2193
5207
3635
2554
813
360
867
4341
3955
960
3611
915
1225
2123
945
2854
3268
2726
948
240
2885
522
291
1198
939
2647
966
680
186
2443
974
963
3243
2616
975
2077
1695
2448
2041
3054
3289
790
2805
3120
1997
902
3612
2883
711
1338
1318
5915
966
2238
171
5049
4576
1001
1869
3595
471
5262
2260
1283
2732
36099
1643
1338
2734
417
201
2755
5159
1195
1894
1168
369
1344
1839
807
5201
393
3690
6732
3810
2024
162
1403
738
885
456
930
702
897
432
1973
4369
387
810
105
2692
1930
981
5310
588
2772
1089
1836
2332
936
850
366
3762
2242
129
2315
1438
1284
1170
5075
387
3748
726
861
495
3045
926
2277
2500
1578
903
1488
732
6237
3085
2151
267
2875
972
474
351
945
2682
1163
2541
2894
894
7833
405
879
1261
315
603
3073
1649
2439
2280
957
903
945
561
846
1485
2369
3618
2767
1995
2897
913
1648
3485
2927
907
939
7302
150
936
366
981
1193
2286
156
2362
990
438
2957
708
945
486
4075
3010
924
2438
1341
915
792
939
2106
1241
771
1590
1894
975
1251
2297
3075
5527
498
1280
544
942
3539
850
1325
3991
951
3487
954
3709
543
3409
2932
1717
870
1029
2394
1296
303
3290
1338
315
930
4256
2339
1671
3593
1919
814
939
1689
933
2148
951
906
663
1386
945
987
945
714
1032
823
5582
1135
288
786
6633
807
3171
951
4712
528
3561
189
3178
3348
1365
1729
1241
414
348
939
441
2529
1510
2581
3387
1317
3408
396
3033
1499
2235
1449
1374
533
1257
384
651
2312
372
736
2356
3463
578
2039
2397
4195
255
273
3492
162
1912
3037
1389
2302
3312
3024
561
524
1155
629
441
1622
2241
2095
2940
1421
606
931
5354
2090
1432
3495
279
429
2993
1233
63
606
201
4815
1914
1404
1784
1974
4528
1619
1201
3120
2283
2358
165
2559
4628
2133
775
4623
4551
3120
1784
2771
5135
1464
1450
936
2700
435
1643
462
4050
410
2470
288
3952
990
2270
4010
279
204
339
4812
465
2137
2080
1762
873
2056
162
856
3831
3449
1481
2234
678
351
492
387
408
4178
1146
138
273
2733
2744
1932
3078
3129
4704
1968
1530
1638
2846
3021
2380
1818
7642
471
1671
2762
1171
1057
1293
1420
3510
3806
702
1760
645
1627
2566
345
996
1892
2611
1303
5251
411
411
330
2178
3985
4219
928
1161
102
492
282
465
1371
5109
387
1599
948
6702
1083
1854
2774
918
966
1698
2028
548
942
366
1672
2272
2341
1035
2551
9003
2736
562
973
1306
543
2841
2622
282
1837
3591
1631
483
1698
942
2262
2026
2445
1251
3296
10969
873
1062
204
3837
5748
564
2369
997
1092
948
2550
839
588
2249
1949
1500
111
177
1900
1206
1623
1222
582
1173
3571
3978
7538
2375
348
2280
899
769
939
2149
2464
2334
2076
930
1812
5924
3367
792
939
2659
2333
1178
2013
485
1980
2087
1440
2421
2106
2389
2461
630
1326
396
1791
2367
1593
1193
1966
4428
3295
4108
2741
942
1993
2662
1773
3728
3498
1194
1653
1121
2259
1821
850
465
3446
1726
4440
2922
942
1347
900
1781
1990
554
804
4812
1945
1158
7164
714
135
1020
3042
3403
1849
1585
921
222
3801
1923
20670
5811
998
1038
1668
1792
4372
2569
9856
888
459
939
1635
951
174
2901
2508
2232
549
3510
1751
903
2086
2427
2586
1125
660
1518
1287
1566
417
510
300
1446
702
3748
930
1813
2486
534
777
2688
279
2144
2187
174
1843
933
2736
2606
3078
534
822
891
2449
1558
1915
3248
1838
2324
405
849
2523
969
1513
1981
1737
1338
1806
957
945
1635
1621
897
2379
6142
2914
1250
2986
4672
210
822
1695
516
1645
942
750
390
618
1027
1110
1600
303
237
4017
3780
501
1542
3121
1038
1362
78
1953
707
4170
4395
882
384
775
348
2096
453
654
2123
2630
2262
327
3634
2961
10014
3398
237
2082
5695
1661
567
342
4536
1017
1118
1638
249
2341
198
1309
2786
4336
393
1065
1471
423
1203
1433
1767
1483
1032
2884
564
6541
1440
438
965
396
354
510
2271
411
2361
1379
716
1002
180
1954
276
935
615
501
3140
1751
1945
2301
1148
1188
747
1007
7473
1988
2270
898
192
1726
793
2739
417
1976
123
3639
2906
387
2032
1505
1701
2237
225
1049
2775
855
393
1692
525
1090
1693
357
435
2495
1273
2033
1931
1149
951
1211
601
6247
2226
603
3409
2280
2685
570
1848
3014
5814
3186
2843
5167
2594
321
2311
2719
2024
2547
1131
2315
1308
2491
2168
2754
1422
888
3081
2090
2262
2396
321
3827
900
2788
1023
2334
714
1657
3324
174
132
1839
844
2671
4167
1957
2310
1384
1703
1968
1767
3301
6057
978
3285
4325
8515
405
2585
6525
3039
1542
816
1501
3797
657
4821
2449
2472
1629
336
931
2330
2168
3069
5061
3295
2396
719
1330
767
431
936
63
1158
2128
6710
3806
213
1919
1603
4956
939
174
357
198
855
474
2357
825
2488
2082
2568
2989
3476
500
4232
276
417
315
501
1645
3028
2545
207
955
2152
255
939
7635
766
132
726
2682
930
2863
1459
766
1355
939
2236
603
1335
2443
132
1697
1155
2143
3312
2810
952
4974
1425
1708
3568
840
2276
2431
3714
1668
1861
8555
900
417
3445
789
437
1431
393
2911
2323
222
1389
5993
1444
2979
264
930
972
634
321
495
777
1473
525
2739
3057
636
3774
3914
444
2984
951
808
486
1849
491
1742
1838
1252
587
9285
393
687
435
273
153
681
1284
2808
3532
2755
1674
2001
3222
2055
996
1796
483
927
4545
681
1893
810
1878
1903
3067
3132
1213
1365
6793
432
1228
1563
2058
1524
204
4083
423
2114
759
3247
948
3137
4052
1332
1320
1921
1029
3275
470
270
3795
1045
762
1187
2690
585
1649
2613
1196
2715
117
2780
876
2353
225
510
378
2725
4181
171
1150
2649
2845
3862
1867
4109
559
1121
1847
3181
1862
315
4013
3196
2010
7898
1964
1827
723
6571
222
710
3971
1099
1149
2606
2545
285
1251
3722
873
690
1044
2415
6028
381
345
2130
2451
1367
948
705
3267
3521
801
1721
2279
1593
216
3759
3660
939
2256
1981
600
396
2324
303
369
2792
564
807
747
3981
1626
4234
705
897
771
387
2519
439
522
1860
1093
498
846
1388
2776
216
1146
2745
930
4358
4317
2812
2382
699
939
2255
1948
739
615
642
2720
1586
1807
528
1043
303
2513
1025
1144
5077
3959
5855
354
1801
387
657
984
241
3020
735
511
1011
585
2368
1632
1154
2033
1044
2451
6046
1482
2795
733
177
1911
627
1626
1982
3481
1581
5598
3729
9030
531
2862
3564
4328
2639
2373
3077
3660
1581
2797
1145
939
603
861
3910
3038
582
3694
900
2390
719
541
2504
2983
2133
579
243
2718
3284
576
1205
2341
483
939
1814
5487
627
2583
2029
393
915
5427
2136
4145
2566
381
3339
414
972
3619
699
1761
3005
2786
4226
792
1575
5401
234
1639
788
3578
1064
892
881
1070
2568
4175
3881
1779
1022
621
894
699
2638
1920
3177
3320
1069
3868
1233
1221
2227
1421
973
210
564
2207
1626
1942
3249
243
1319
1709
2183
2136
1570
968
1535
5874
606
1780
3317
1216
1981
2962
4681
1401
3013
1784
399
1416
555
2908
453
2186
2504
723
2346
1266
930
2387
291
294
3070
591
588
2376
2441
3293
1503
717
675
1818
246
4549
1215
2627
1900
2423
1476
1083
863
3300
399
2280
2158
2033
1643
2814
507
1797
3829
1939
633
3197
963
507
3938
1693
387
2090
1221
2061
3016
5813
1529
348
1017
3630
3259
546
399
5964
294
7652
1025
2564
3628
1383
1040
1685
1860
5660
2020
2422
1585
4957
2010
4555
1722
2067
411
447
3024
3451
1193
2404
12985
369
2757
1743
1356
1619
1725
862
699
3322
321
2830
2402
2235
516
669
1583
276
1539
1646
7394
606
2691
2370
2163
2384
2459
1434
2542
321
2802
2682
1406
684
1940
3484
1566
1905
1164
1938
348
875
3949
1850
2342
3990
465
3471
1324
3931
2160
721
408
6647
9555
231
1556
3608
633
420
1953
4211
1723
2641
3681
1738
1092
850
375
1243
321
2447
1656
957
1053
2253
2581
1934
972
1114
1935
2849
487
7325
1326
930
1139
1014
3043
477
2143
6999
216
1002
573
306
879
270
6351
279
1930
2835
987
348
282
649
4753
4062
147
3203
924
1435
2769
192
2644
2415
4317
614
2405
4263
1911
468
2283
327
3937
2799
1074
1878
1824
2170
765
1500
2301
2818
2273
1458
918
3770
699
1879
2242
2647
5047
945
2361
936
849
927
528
4105
1149
945
1852
2001
927
213
955
1502
2170
1319
321
2018
1790
2040
1202
7536
1944
2919
4633
1134
1847
1454
2041
3636
273
2800
843
1693
2028
357
2382
243
576
1546
585
1177
2076
3324
585
762
444
2370
429
8617
2238
870
897
357
2668
3533
2390
2847
2013
729
2500
2264
576
5717
2058
945
1521
264
2140
4462
5832
930
1847
2882
561
132
450
2456
3385
5808
1762
372
934
4704
1077
324
1962
540
5537
2356
840
336
285
1948
2123
930
126
3503
1488
3217
4545
933
4042
1671
3800
2297
954
2223
981
3063
4138
2413
1415
1773
2119
1383
1269
1094
1294
1707
973
10932
1077
3814
3017
568
636
360
7115
890
2788
1527
318
933
2458
945
2994
3195
462
1844
1602
2080
4234
678
5936
237
4244
6857
903
189
6063
1052
303
2010
468
2728
237
1796
288
1465
1523
6088
1470
5284
4594
4282
4313
2152
856
1591
2337
5154
1500
1478
780
1572
1429
4856
2129
1705
264
474
513
4123
804
1506
4904
3085
3186
6195
252
957
957
636
750
246
1572
297
192
405
750
4488
699
4828
1980
2275
1155
570
2066
1970
570
1623
1758
2308
5238
3718
1325
1067
1521
1655
3595
816
1704
1797
381
333
1634
411
1818
318
4306
927
4803
1296
3526
3321
798
960
648
1383
1008
1548
2065
1263
5257
1436
1098
1742
4800
1473
702
171
147
192
189
456
963
423
8191
873
1423
177
219
255
246
453
483
1494
519
5120
159
1905
198
2786
2054
1489
240
5193
1888
2709
1530
270
3516
1487
2258
387
252
2359
918
888
3194
2753
1053
923
2428
270
753
357
1821
8158
963
303
1130
2649
237
829
1705
1973
4782
570
3465
3551
372
1164
1365
6000
5446
3578
1379
1437
456
2015
1068
3010
2369
2342
1555
3647
1300
300
330
321
333
1032
3259
4507
1245
3343
392
504
5516
240
333
285
2050
2981
288
2041
3409
1867
2602
2385
2819
3070
1567
2151
5760
1007
3535
966
1276
1364
4344
2706
342
4856
6611
5199
708
3222
477
1154
1525
192
2620
624
1293
522
1718
150
2131
645
1188
339
6493
1742
3221
1607
1205
426
1978
5183
1575
537
3161
447
4962
6767
1491
1377
2475
864
1340
1569
3177
4013
522
627
2218
1188
1074
537
1687
5639
933
531
2394
570
2753
1461
474
3236
4262
634
2772
2073
933
1060
522
4232
1290
2286
1269
240
1919
2624
3035
2238
324
650
135
477
417
5409
960
6138
3439
4925
804
1266
900
3332
2770
996
1921
2150
1982
1441
942
1446
1572
3580
411
2419
4295
5072
1875
432
1848
1756
2770
4140
1296
5449
3436
876
945
1448
1456
480
4503
876
285
3119
1834
3273
5201
1464
612
2330
828
606
5569
4016
3330
4466
1976
2045
976
948
1268
660
2792
465
2747
3119
1968
642
2553
459
844
795
1773
2188
114
2254
1860
1059
3646
921
667
1911
933
1482
5678
936
1826
3134
738
795
813
657
564
7326
546
998
939
1149
2482
450
78
2026
4003
1426
1302
1393
3408
1987
1738
1670
3453
213
3255
2557
639
840
927
87
1746
150
408
2859
159
381
8888
2413
962
2212
939
3656
255
680
2163
3113
738
3307
366
2106
903
306
1590
225
3093
633
7750
579
1597
1131
534
1386
1640
2067
1081
780
2061
798
751
519
405
234
434
447
3422
3241
4551
4066
1837
2104
375
924
531
324
2173
765
2689
951
7515
1713
1754
2583
3581
1602
909
309
2706
1800
6427
7032
4893
8529
1720
3962
729
2096
1919
5296
843
2182
592
783
2933
414
1563
258
882
918
855
4070
1565
420
2423
2491
3655
1839
458
4098
2352
1095
911
967
2326
3674
1217
1770
960
1434
381
360
270
3294
1694
877
769
1395
1809
345
345
900
2564
2748
2077
678
3345
1879
933
591
1682
2305
954
1413
1270
495
3784
2647
4359
66
135
2030
1641
2554
1446
804
408
540
567
3403
5006
522
2107
732
1050
420
666
12411
3232
1195
363
2324
333
486
888
927
2115
282
431
1311
417
3348
1648
3031
279
945
3932
384
762
1348
2251
1599
1878
1617
450
666
633
923
432
1182
2222
1736
1828
2016
1973
414
2816
1962
126
1256
4578
1820
2412
3481
575
474
1053
3376
774
321
945
5671
1182
2447
1170
693
1753
3156
983
1134
1227
2828
7052
3686
2490
2145
2907
510
2393
2346
288
1716
1026
662
1424
1044
5324
4409
1107
1417
495
618
3305
3013
796
384
2345
1656
1236
519
1668
2273
4500
1500
855
606
6296
1312
2190
2511
1588
2853
2933
411
750
444
582
3849
2879
363
402
1891
1398
2260
3026
1371
1233
2406
504
1632
1110
1878
2393
462
2157
2337
1014
1359
436
3173
1062
2644
462
1419
5815
487
3380
2378
549
1209
1451
1617
3716
3504
822
2625
729
1775
2428
4665
984
2308
783
1205
2477
1151
849
3560
5937
3330
2499
792
2737
3469
1737
4270
2388
1296
3591
156
2041
1611
1883
501
6397
702
2216
4407
3102
3994
2795
360
666
651
534
3519
2713
2764
439
2106
504
3657
1749
1694
2760
3009
1159
534
3768
564
2564
312
1636
2610
7020
837
3375
957
2058
822
479
1569
2496
372
1648
969
884
405
3734
823
801
991
2337
913
423
11564
2205
821
2270
527
4244
2257
1015
3580
1309
1143
6536
396
270
4520
510
483
1387
813
1017
2061
327
739
609
837
3794
1233
1545
375
708
2115
459
1591
2150
2478
4163
2208
405
666
1661
426
996
378
1253
1602
822
4861
2184
3839
5239
930
3072
5143
3806
288
1410
375
3510
1623
957
1863
4692
4072
2220
1580
1119
414
2550
1287
1743
318
2463
420
1314
498
1862
1191
498
441
135
3493
2367
387
3384
5060
1154
1355
1233
444
4081
783
2226
1925
3444
549
1201
5755
2062
3617
306
656
1061
5740
1645
909
459
3725
300
360
1281
1700
1040
5600
3138
2767
4868
3729
2145
3860
2503
414
462
2266
1304
852
441
402
180
1742
627
1689
4196
1057
3365
1716
3481
921
1089
1856
1859
1024
2840
1263
5984
417
939
2024
5144
945
4639
2108
3274
402
414
12500
3936
3644
150
582
933
939
1158
853
2891
2304
3020
714
465
402
1756
3755
318
1054
930
589
348
1149
2623
369
1163
2775
738
1188
6838
273
2646
1218
2139
948
1017
1921
2167
1920
2077
2008
545
4453
297
9669
1258
84
2250
5442
2103
975
1731
1539
372
5835
438
4831
963
408
4074
2228
3136
405
3300
612
2097
414
3215
1042
327
2396
1599
693
5295
2642
363
2975
15365
8415
3048
630
663
804
381
3976
885
737
939
237
4806
3688
5864
975
960
1388
3442
6092
969
603
207
585
444
2237
4964
4176
375
2071
3551
2769
246
811
411
402
1278
1425
1869
2418
72
3036
3534
471
267
489
168
1577
4345
1819
1889
249
4289
1017
1756
3627
859
3841
258
378
1163
1812
372
1752
3239
881
3913
927
2048
3463
702
4130
2401
3978
441
345
2495
3085
1410
1991
4682
1866
3077
2572
12595
495
456
1997
5938
2672
413
4470
1917
3073
387
3067
1383
141
1772
3413
618
3312
72
675
417
1841
616
744
1507
2460
414
4235
375
5634
901
2427
870
2094
710
1466
4715
4549
2176
807
2454
1213
543
4056
1047
4513
789
1825
2325
4993
2229
297
5843
2783
597
1053
3035
351
2345
624
8172
1677
1555
1733
5352
2758
1518
228
282
606
1167
1602
3509
8531
72
1723
1226
836
3137
2851
363
1112
1698
2417
410
2356
411
5444
7461
72
276
2690
1411
507
765
7606
1545
957
4222
231
672
1815
4883
5497
1772
1056
120
7660
2738
75
4393
907
827
717
9634
414
363
6251
486
246
2887
1583
3067
5279
4494
774
2058
360
2796
129
297
1203
2218
2855
2025
1973
2897
1198
6380
72
3504
1805
186
372
2799
5466
7744
84
2058
3729
4208
195
2699
1979
3579
2896
153
372
4193
3268
675
1198
348
533
2037
3162
921
366
4459
5007
1388
1597
2085
615
2819
3653
1896
78
945
723
1857
351
255
4412
5958
1983
1236
5896
540
789
2402
3697
372
1452
390
1057
9022
498
4096
276
849
1476
2841
1092
5895
267
1139
1150
630
5583
312
1238
2511
87
2656
462
72
393
1179
960
2864
3700
108
1191
429
1672
1086
930
3510
4960
945
702
3264
933
780
2248
2250
1177
3956
2386
1062
4246
294
2451
674
3178
6622
2440
1551
1273
171
4815
273
4412
2004
165
4361
357
936
414
327
1531
4365
2547
1630
195
540
87
2733
3886
918
437
456
480
1476
621
648
5457
3971
393
4086
2139
2127
1679
6772
666
4033
363
2691
3077
1976
1958
435
381
1796
1489
957
459
1668
915
375
2157
1559
9528
1167
933
3612
72
1266
1709
8344
72
3494
829
414
5475
4346
939
2459
2445
207
6033
963
3438
402
5227
417
2151
1960
1026
3499
4995
462
4093
2053
3615
2696
1755
2008
942
462
387
3258
993
381
420
237
1372
1110
345
1062
3080
1687
192
3138
375
2087
834
387
1346
1838
540
2114
2301
1327
5172
3087
297
555
1327
255
927
5522
983
456
1386
2538
1881
4125
2882
63
2971
315
1722
4104
2212
390
2998
5032
1120
375
84
2213
1585
102
381
375
6132
2054
9091
3235
357
4656
2262
534
2380
363
14226
4170
336
168
734
1814
4232
4572
2363
8849
3823
1236
2251
936
72
1902
1017
2518
1756
3104
465
486
3380
1767
3267
168
4974
1692
2025
411
396
3475
2120
1049
285
2154
3592
1723
1697
3167
831
246
3849
423
3583
2270
2098
255
2335
231
4551
2984
4222
2187
2315
1170
5165
4074
3529
1111
374
1575
375
1523
153
390
1899
540
2107
3454
735
358
936
1530
132
1044
575
3040
375
2632
9768
1971
3167
195
3100
255
3982
678
318
4470
531
3179
210
2214
939
1854
1986
1468
447
1410
8297
3997
3470
3217
3505
537
564
1846
1406
4560
1389
695
533
309
3201
2676
2496
1473
2404
2125
306
192
708
1705
2456
309
3236
1080
1215
5144
495
13472
222
2100
2430
2625
4434
939
2320
2100
1198
3052
8912
1017
2602
363
1979
4119
3838
675
1707
225
330
456
975
1746
3551
600
2364
924
5191
3682
1307
1826
2377
1338
1828
303
2499
939
2255
602
381
2223
273
384
1688
3139
624
381
948
1840
1380
192
4325
3273
1617
906
934
4123
4386
3476
948
1097
5630
501
72
2169
1297
2183
402
225
597
375
363
2179
884
183
3272
978
294
6211
2025
393
4521
947
363
171
2395
3032
255
318
6003
1914
8448
920
2611
4804
72
6691
4232
423
1755
2908
1784
2636
255
4145
2493
900
567
2269
2729
2885
72
969
2098
2002
3493
2241
390
381
1372
5211
7725
1617
1584
1098
72
309
1864
2882
1968
5928
4033
2322
930
1470
468
180
4148
2154
1901
3898
3346
1270
285
1509
2107
219
1008
384
1221
765
3515
3551
1217
414
420
3903
267
459
2907
939
72
4709
222
926
633
207
3014
5537
7877
1599
1028
435
234
2692
4074
1677
924
2332
1202
2114
2467
3156
1208
2332
72
1587
1921
5219
72
644
891
4325
2294
369
330
434
2752
642
3196
2147
980
2452
1666
603
2592
414
1155
1200
1182
4128
5613
1257
2644
456
1986
375
522
3472
2800
2729
954
2341
456
1606
2497
1553
809
594
1689
1266
372
6269
3687
6255
2638
192
702
465
312
1747
3682
438
216
1195
1971
936
2707
2272
477
2230
2355
4067
2604
342
2289
2613
1185
105
72
540
1091
1007
3936
4301
420
168
276
579
3324
909
2074
267
3206
8799
5576
2492
4222
1885
2157
381
1777
1081
330
270
570
3405
312
8553
1845
357
2342
231
2176
1221
3398
885
3315
2364
3083
2975
930
606
2766
4240
594
4325
1470
1485
648
664
689
7629
885
393
3891
2216
2633
11268
2451
3206
4074
2896
1167
707
384
2116
1358
6343
1673
2545
2107
4357
2791
459
2120
642
1382
10131
2617
2209
2041
3014
843
615
1881
4451
528
2824
1388
1402
955
450
2762
183
1702
3465
3553
72
1449
438
3540
897
1781
339
5058
1380
4101
294
2839
1462
786
3886
72
3183
648
666
1580
1664
2281
972
2433
2896
515
4645
1701
4160
2077
3168
300
1527
255
828
4883
543
1722
672
4070
420
387
909
84
3636
542
1170
939
189
1726
3462
504
516
405
1017
5400
501
1320
666
1865
4847
495
6243
2422
3129
2279
1245
1851
2362
953
636
4352
1077
2453
204
1688
765
426
6216
72
2827
2400
2477
5286
375
2394
261
2002
414
7103
3313
2222
2165
1820
327
363
3992
207
463
1436
1078
171
2238
2510
297
4775
72
1945
513
831
339
6275
456
1475
546
420
246
1877
1832
204
2304
945
930
876
2601
4278
3286
2619
375
3894
1879
2549
2054
1527
6371
2916
3977
2174
1971
515
495
2165
384
3922
255
327
2100
3039
3892
362
366
171
1812
1235
907
1891
1227
225
1884
171
141
1818
1410
810
1298
330
420
495
939
1251
469
3901
1772
4475
470
1668
132
3143
3515
1506
1623
528
2670
942
255
1444
5851
2599
330
3659
5146
2331
3284
393
2128
4150
4052
72
1355
3900
345
737
72
2566
393
1674
2397
1901
2117
1031
3576
927
3473
2676
234
1170
132
2247
4705
3554
1327
2525
372
1751
1346
297
3693
4646
1526
1136
3323
279
483
2459
399
2712
936
339
540
1748
159
2600
174
1162
4743
1781
2543
2073
1040
1427
2113
2707
3421
159
3297
492
1681
4002
1799
207
1406
5171
546
819
2493
2004
585
2654
7290
4010
2188
312
2432
2760
6313
2035
1504
550
2124
3480
615
2503
2943
471
72
3274
4189
10035
513
285
201
4935
2411
1364
648
357
141
6010
1283
2166
1194
2256
3706
300
876
72
746
1227
700
3398
2129
14886
366
2097
479
414
406
1110
3216
2740
1899
1317
7062
192
3113
2717
1465
930
531
2464
4293
2767
327
531
3711
705
1794
84
2659
999
372
5704
921
138
615
1724
2406
450
639
1294
4580
4838
7324
1389
1704
1083
525
162
237
1683
273
3141
1898
756
1712
1274
5967
486
573
1338
1026
684
357
1604
426
6246
3090
2649
1392
6303
1664
1439
422
1135
2274
2127
4314
255
3666
6917
1366
177
3787
5429
2198
5737
803
207
2123
339
927
6757
6145
1554
700
5177
1970
2241
2398
594
3048
2950
1044
3109
747
2741
3112
1047
2949
3134
195
1263
884
459
3882
1725
555
1628
1885
7770
1812
579
381
1394
2646
3560
8685
3432
4870
7294
3654
1509
4015
1257
1542
1467
72
1644
619
762
753
3637
5225
1824
1028
469
1652
4265
3788
4931
5616
888
1418
1285
1213
1054
4339
2241
6029
5519
15571
1782
346
1065
2594
3488
4164
111
4131
513
627
1352
72
5199
416
1651
1080
144
1784
1960
4321
7743
3828
1024
2055
357
297
447
2778
6394
2535
3328
303
3631
945
1475
4259
201
1265
3194
1546
2106
1378
5906
957
3376
2577
492
1141
387
4347
546
2355
681
3734
3106
1110
444
3966
4825
4525
5228
1652
2247
1503
3235
4284
401
5294
4424
687
4468
3762
477
2879
868
841
5190
4121
3628
381
3817
607
781
2405
363
393
3200
3234
1217
13749
6184
177
3606
4557
2511
2463
3919
1840
4765
3571
3752
975
942
