2024
2275
4700
5173
7909
1621
2185
5742
965
3585
3000
1558
2731
2716
3278
2650
9086
2151
2675
1622
5567
5641
1031
3738
1988
4173
2158
2059
792
1427
6314
2120
2547
1869
2965
2784
3241
1423
4531
4210
8217
1745
4768
5684
4519
2287
1457
2060
5446
4183
1856
559
1812
1886
7366
1255
3254
2916
1759
2039
2611
6189
2138
2970
2493
5482
2957
3482
4394
3583
1433
4242
2909
2153
1550
2834
3103
2028
1278
1806
1593
4219
4056
3111
2650
4235
1180
2173
4599
3249
2780
4188
2478
3253
3004
3083
1268
3226
2736
4065
5283
2153
3184
1805
1734
2491
4749
4080
3567
7164
1312
4793
2432
2145
3682
3312
3204
1621
4738
5204
7235
2654
2975
4353
4258
3393
2615
1996
2074
1854
1959
5427
2880
2297
1181
5695
1831
3274
1715
5144
2088
899
2704
2577
3673
5647
2027
3255
1370
2446
3812
4853
2003
1290
2167
1760
5212
1243
4703
3875
5956
5743
1996
2691
1607
3670
3534
6874
3784
2551
2166
6205
2037
3632
6644
4790
2407
5228
9919
1128
2563
1698
1842
4862
1692
2290
1593
1605
5268
3494
3285
1505
4041
2445
3134
1512
2731
1605
2004
2048
3849
3965
1923
5747
2688
2445
5720
2188
1815
2656
3404
2400
3580
4147
2091
1655
1605
1885
3674
3940
2040
2849
1963
1319
1930
5538
3018
8292
1033
1264
2778
1636
3959
2113
2666
2490
2148
5463
6320
2099
1728
1895
3187
4818
1676
4426
4713
3617
2131
2862
3546
3970
5000
4178
5367
6053
4121
2278
7780
3623
3890
2336
2038
466
2662
4339
1963
1001
2081
2741
1787
5482
2469
2602
3545
2756
1506
1075
4883
2065
6788
4956
1931
2177
4322
2769
2902
4813
1772
708
4767
3217
2975
2884
2174
1743
2266
2041
2935
3483
6686
2079
6654
4726
10226
11185
6786
3682
4813
3940
13971
6280
4103
3658
4901
3265
1715
1908
7884
2526
4038
2638
2612
1917
1212
3261
3375
1382
1167
2946
3278
2336
7544
2028
1060
2690
2273
3240
453
1983
3412
3001
1566
777
18883
1177
8451
3060
1454
3147
6463
2681
2421
2129
1723
4185
597
5470
3496
4556
4248
5807
3906
3488
1674
3593
3216
1993
5382
4582
6284
2402
2152
3799
4368
7360
7221
3322
6618
1931
5084
3711
3809
2829
6632
4241
3653
4471
4565
7368
4631
4650
2506
823
4790
4929
4219
994
5501
3450
2110
1867
5312
14599
2384
4949
4640
2831
1411
2010
2842
2649
2204
6278
652
1883
2926
2372
6133
2344
2274
1692
8224
2161
4878
1869
2677
1899
2161
10624
2113
2636
5540
2846
1825
3647
2109
4097
7410
2468
2393
1928
2701
3216
3413
1865
1979
2255
9094
4580
1625
679
1561
1282
3609
6487
1612
3847
4395
7931
4570
1741
2300
3476
5653
4719
2635
2329
1357
1185
1300
843
4772
2748
10503
3068
2671
3245
1260
3609
906
2100
6902
6033
2523
2148
3630
3594
10507
1662
2169
21842
6512
7214
1827
3025
1719
1793
3502
3989
1963
1662
3894
3208
2789
4274
1215
1844
2806
5885
14977
2795
3982
6109
2151
3260
2910
1182
4714
3495
4628
1916
4894
3668
6323
5825
2601
2357
2908
2044
4943
3262
6093
1706
3392
4426
3266
2475
2273
5165
3218
4710
1613
5332
2717
7030
5175
4953
3635
4628
4088
2432
6274
4800
9038
5009
1832
1803
2517
3760
5110
2276
1948
3411
3262
5130
2013
1001
4041
2244
3225
4183
3744
1912
2751
7149
408
3858
2420
2068
2586
2362
5608
1595
3825
6355
4719
962
1799
8174
4189
1830
2618
1597
1452
4982
1864
1939
3245
4551
6067
3670
2012
3304
2420
3652
3025
3119
656
3680
6301
2509
6468
3443
4292
3837
2694
5697
2962
640
1645
1122
3034
2621
3500
2480
618
1915
2801
3686
2188
1477
2940
2893
5319
2653
2709
2595
935
1376
1403
2184
2534
3600
3395
4194
4743
3984
3669
2866
1438
1783
2546
3045
3784
6859
2021
2735
2454
6704
4958
3446
3166
2072
2816
1340
1418
4877
3032
2400
2970
1533
6346
4728
2653
1616
1067
4706
3138
5965
2017
3858
3254
1523
7053
1990
1728
4514
2770
4975
2026
3686
2000
2727
1679
3461
1393
12227
7834
2122
3770
2475
4335
5990
2208
5610
1493
2038
3344
2561
1322
3785
2105
5688
5237
2153
2200
5481
1504
4487
3127
2865
6057
3881
7327
3329
4417
2350
1687
2584
3146
10434
3274
1482
1373
858
2246
3346
5040
1911
2891
4576
2847
1930
3942
2083
4117
2283
6627
4055
6948
2748
4608
2635
3921
2558
8120
4410
2644
2134
2796
1591
1744
5251
2789
4202
2203
3690
2382
2041
2671
4469
2374
1506
6270
4371
1339
1919
4200
477
2318
4556
3542
4703
8846
1473
1457
3764
6574
4065
3131
1526
4054
8448
1961
4075
1163
3925
2106
2980
5240
2740
3393
2360
5333
3072
1651
3238
2051
3286
3851
7613
6150
1419
4739
1739
5810
3663
4379
3359
2425
6605
4292
2531
2410
2737
3447
650
630
2362
2589
7714
5463
9564
2562
4170
1791
3228
1975
1861
4273
4650
734
2212
1147
2554
1053
2021
1360
3859
4235
995
4235
1853
7008
1880
4188
2677
2814
1798
1158
5288
3744
514
5521
5903
1263
2251
4082
7078
2893
627
4278
2886
5979
7590
5481
520
2490
4473
1634
1749
2472
2018
5100
1259
2516
1885
4916
3610
2204
2285
3542
4362
1888
2485
3484
3064
1289
1651
4094
1630
4803
4816
2182
6705
4983
3131
3045
6891
3914
2285
3963
2115
442
4141
1159
3055
3946
2204
5726
1733
1229
7853
2349
924
4408
3062
2185
2559
264
5317
1317
1705
4466
6048
4234
3185
1311
3635
2475
2671
5641
1019
3436
9669
2547
4814
2792
2155
2751
6729
3740
3670
5012
4172
5840
1327
5858
2651
5356
4453
1839
9725
956
2947
2986
3166
5617
2196
1541
3968
2170
2273
4400
4575
2494
2910
6430
1127
4575
1943
3485
1623
2282
3196
2068
2087
2555
2338
3432
3897
2932
2314
4896
4280
3385
3975
4557
2557
2280
3082
1335
1624
6435
3166
6743
3226
4776
2863
2152
4465
3595
3544
4403
2572
1952
10706
3640
3932
4090
8076
1002
8070
1366
4121
2159
2033
3990
1449
1532
4528
4857
3974
1890
2656
3465
1582
6821
4525
4718
6181
3442
2757
3214
6685
11455
2044
1812
4491
1016
4150
2091
4487
2563
4738
7543
1878
2464
1087
2007
5850
1203
2520
2889
5173
2560
1512
4258
11389
2068
6496
1515
1310
3938
1220
5043
1329
6998
3458
1911
6889
5095
891
3397
7039
6120
2656
1804
2724
5551
3573
4786
510
3210
2232
2884
4854
3776
1689
1544
4275
1013
3018
2783
3743
1117
1974
1704
5871
5224
2524
2064
2251
3462
2376
2093
6263
4024
3902
744
7580
2006
3767
3362
1770
3256
3580
3714
2659
3889
3270
2663
3231
1867
1124
6294
5967
1513
3129
5204
3575
3004
897
11102
4430
7072
3443
4323
2516
3568
9406
1602
2593
1116
2611
2413
2552
3825
1636
2384
3430
4181
2145
1997
3160
3576
3158
1794
4070
1498
4529
3857
2947
3261
928
6619
1901
3272
2470
2529
3296
2778
8028
3445
2205
3065
6605
1361
2930
7235
6551
4149
2820
3761
3127
2036
1314
3842
2013
1643
1016
1789
1637
3819
1384
6671
5318
6920
3158
6480
2318
4124
2078
6278
2371
1897
2309
3603
1398
1933
3463
3697
2100
1337
3770
3936
3305
1113
3247
2575
7241
4577
2978
4245
3604
3479
4969
1726
5473
3813
2029
1003
7350
1997
2096
1442
3451
2470
1587
2706
3614
4316
5079
2950
1607
3671
2775
2291
3415
2283
2461
4776
999
1860
3275
7419
2627
3704
7588
5774
1714
2757
2294
1651
6174
10804
2175
1723
2998
2515
2618
3046
2693
2005
2704
3510
4270
4888
5319
1262
5276
2102
4149
3794
5547
1116
2032
5750
3345
3050
2828
4156
2239
3230
1978
4095
5027
6172
2742
3052
1686
4960
5154
14384
2000
2550
1267
3311
5964
3038
3796
4631
3621
6115
5503
599
5113
3756
4040
2321
2122
2642
2447
2174
3338
5000
2919
2660
3314
2364
5900
8728
4446
6328
5672
2085
2006
4105
717
5376
1602
4769
4725
2356
3371
6809
4808
870
2933
5067
4013
7899
873
3692
7850
4999
5807
4778
3037
3004
2191
3857
7304
3103
3008
2107
3445
7437
3369
2144
1533
5371
2361
3000
2417
2508
2211
2170
2210
6530
729
14770
3245
2541
2574
1300
3103
3367
3415
3663
3139
4022
740
3721
2621
3838
2672
1416
2493
5465
4853
14121
4708
3225
5162
5378
3534
2186
2927
1869
7108
7661
1463
6552
10332
1195
1277
3131
5731
4549
2849
4540
3450
4236
4602
2233
3395
5448
1308
4044
4872
3207
1398
4737
3700
3236
1927
2184
4524
2623
4257
3156
801
4070
3312
3520
2726
3096
5734
2242
4076
1404
4602
5129
1512
4357
2632
4388
2305
2590
2576
2597
1143
651
3383
2231
13050
2297
2034
2964
1674
1427
2045
2882
1996
10206
2882
1965
3442
2385
2423
4681
2349
1062
1658
2911
870
3003
657
4042
2523
3636
2103
3516
2156
1319
2501
1790
3069
581
1914
2222
4548
7333
2889
4738
2064
4552
1080
5045
2368
2693
3868
3088
3295
1872
2396
4958
2863
2339
2849
1303
510
4002
4519
1343
1447
1983
4257
2268
3943
3765
2993
1475
4077
1885
4335
1655
3770
2918
1374
6664
3105
7592
2494
1848
6060
2654
1614
1710
2738
5149
1155
503
4927
8635
2184
7884
1560
3644
3093
4015
3626
2788
2374
3929
5247
2217
3425
2130
640
1064
2152
929
1693
2527
3135
3216
3855
2449
6944
3011
1430
3430
4095
4079
2084
2306
1343
8600
1264
4112
1173
4182
5260
2945
2454
1488
3825
2036
961
8646
1822
1859
1631
3835
4282
2467
1389
4854
1033
1058
3920
3924
3479
1659
1689
1990
1509
3869
2947
2094
2547
3369
2589
3070
1449
2472
5028
731
4517
2780
4507
1604
2712
1328
994
653
656
3511
1327
2188
2998
3160
2334
1516
6009
2436
2072
2850
1797
1624
2397
3502
1805
3521
1035
4249
1212
4402
6938
2999
4267
1774
2280
4070
3335
7999
3344
3910
4326
6604
16382
4706
2340
1313
6799
3351
3728
1017
7239
2766
3581
3484
5854
6225
5828
4923
2862
2320
7056
1930
2368
4535
3828
5575
4258
7176
886
1790
4382
2318
3306
11868
1409
1171
4434
3097
888
1627
10748
3919
1379
1931
6455
1636
2227
1536
2125
4521
784
1003
1828
7296
1621
4380
6047
1201
4214
1547
2344
4798
2156
5533
5668
4501
3858
4677
4174
1285
342
2701
2095
3043
1569
6848
7243
3949
2529
4477
2307
3492
1911
2511
3067
702
7478
1526
4447
4039
4354
2506
4548
1774
3176
2038
1909
1290
3927
3047
1712
2282
2412
1608
3694
1879
4135
1068
3318
1593
2837
2184
3132
1798
839
3395
5793
3145
4686
1325
2526
1887
4037
5232
2076
3384
5093
5633
2777
3153
1377
3866
4022
5124
2967
3103
2546
4655
7036
1569
1808
6753
2245
4510
5926
2889
1523
2354
5581
3063
2513
1374
855
513
9014
1036
1226
2091
3869
4744
6019
1060
976
1354
994
2182
1266
2375
540
2793
3797
894
4086
1895
651
1558
932
2571
572
5673
8834
1964
4113
3078
722
9588
4088
2292
1995
3500
2747
5440
1872
1564
3172
2989
3286
5362
1356
7582
5182
2797
5502
1515
1926
2549
1695
1922
3311
5886
2920
1128
7464
2648
3500
1507
3510
1699
2200
6453
856
309
1608
633
642
1326
995
2407
4754
802
834
827
2084
2681
1661
541
1162
1956
1444
4919
2871
6273
1254
3795
3406
2960
2134
1530
1363
2823
1608
2056
1748
4293
4017
2717
884
3440
3508
3349
2219
2869
5172
4216
2260
5637
1714
3554
927
2238
562
4453
6050
291
663
1862
7222
1962
3183
2917
2478
1044
2817
1236
2082
6202
3858
2005
4282
1385
2705
2749
2627
2435
5151
2553
3106
853
3200
1697
713
2040
3931
3561
1561
3628
2697
556
3139
4013
2361
2005
6300
539
4539
2398
2821
1279
3812
5285
3565
1545
636
1132
968
2065
2441
1475
5411
2675
570
2861
1273
5292
2065
5882
1874
929
4588
2450
2791
2028
1705
1622
4761
2269
7279
891
1089
1125
1095
1251
1819
2018
3168
2147
3537
3435
3822
5485
3989
6124
3972
1892
1480
1070
1437
2658
3252
2725
1738
3249
1657
1489
4175
4078
2321
3750
4919
949
1550
1367
4685
2533
1029
2022
848
2972
3346
3951
3376
1374
2978
1929
915
1914
4425
3235
2778
5963
5695
1467
2536
3010
2805
7274
9892
1715
1336
3918
1547
2154
5169
1735
4214
1068
424
2775
1396
2996
2261
1050
3456
1854
3192
4038
535
8765
3659
2523
4222
5916
1047
2741
4315
1648
1266
903
4444
4570
5218
3629
2684
2695
342
2509
3297
1378
1272
924
902
923
2485
2379
2534
1566
1687
1827
3999
2982
10253
2828
5276
1566
3924
3542
889
1376
1316
1668
2506
1488
1393
2439
925
1274
789
1424
5102
3545
2025
1363
4256
3175
7232
3845
1945
1944
2119
1994
3197
1322
2373
2283
5548
2742
1827
793
3938
5388
2815
1579
5788
1659
3323
10276
1427
3135
1310
4124
3306
7690
1088
2165
1661
1586
5733
3870
4425
2346
1053
2592
4935
1593
6453
1547
4495
2970
3117
4871
2346
1247
2147
2607
7435
2180
5677
4268
1011
1553
837
1369
1277
2229
2354
2108
3843
1949
2598
2270
4896
1746
2692
1899
2335
1930
3162
4131
1835
1449
3249
4928
1162
2446
4652
2119
1676
2713
762
3239
2964
2720
2491
1082
3026
5136
1091
6326
3452
4713
1208
1830
1803
1879
1634
2409
4037
2255
1482
3073
3496
2525
1386
4795
1069
2776
4131
1634
2455
4183
4425
2586
1355
1425
3274
618
7918
3773
1843
2507
4559
2495
1890
3735
3249
2368
1672
2965
2235
2344
2489
5426
2834
2597
531
1921
2704
2704
1155
2011
5354
2781
2365
2797
5150
669
1746
2556
2593
5525
1187
2085
4028
2041
344
5216
2701
4778
6098
3344
1933
1174
1527
2545
5927
726
2113
2340
512
3757
2506
4214
1726
1634
1820
953
2574
775
584
759
2223
683
2137
6251
2425
2434
3305
1288
967
2437
1832
679
1157
2220
2208
6030
2855
5385
1402
2948
6518
3649
6227
5008
5846
1223
2868
2593
7770
6203
3086
4134
9151
1897
9036
2613
2470
7360
3232
3498
1978
528
282
9633
3127
1544
2495
6521
5874
1695
1875
5437
3504
1279
755
2692
3714
3868
922
2052
2467
4193
2358
1300
2467
2124
2724
1494
1850
3219
8413
3696
6115
3658
2802
3664
2264
6028
2429
921
2603
1699
3109
882
1470
4165
3165
2638
1650
1263
6870
1948
609
4720
462
1095
1619
1233
4288
2054
4200
1451
1144
2777
972
1211
1905
837
2318
1497
3881
1687
3073
2313
3604
7733
1951
1671
3803
4931
3156
3290
1561
1413
2755
1212
1800
891
5761
3151
4977
4273
1070
2178
4684
2231
1876
2204
2123
3631
1782
2306
3498
2340
1193
596
1350
3395
1229
2997
5346
905
3009
2636
1204
6268
1239
3346
2011
3555
2345
1415
3460
4828
5304
1417
1624
5468
2934
1293
1463
4455
5783
956
5688
4248
1668
3676
1428
1970
2343
4814
4064
2826
2437
6426
2784
1460
1547
1619
1786
1305
2480
189
4189
1657
882
2681
2166
2226
14219
4342
7104
1512
2100
1494
4817
2894
2052
285
3779
2034
1776
1239
1822
4435
2253
1785
5241
1798
1013
3266
1660
2054
2773
3104
4220
4816
2953
5262
4039
3415
2720
4021
1354
2419
3129
3310
718
3355
1000
3200
2193
1107
1604
3488
3840
2180
1354
6453
1839
3313
4555
5543
3005
1006
1582
6319
4226
2600
2514
2229
2276
4308
1157
857
4556
1090
3583
1470
1559
1213
1695
2266
3499
1396
3584
4742
6371
2582
2252
5126
5399
1694
3110
551
5143
1308
2846
4059
1646
2684
3444
2514
4669
2851
321
4868
1545
4178
868
4557
1647
1385
2350
1829
1518
4226
3361
1912
3202
5125
3550
3020
4279
1154
4614
2949
2753
3617
1946
3279
2443
15136
2026
1733
2576
3086
3701
6166
6485
2393
1467
1398
3316
3290
1447
7080
5897
1980
2882
2875
10468
4344
5677
3136
1208
2204
4305
2742
6927
4585
9610
3309
1000
1714
7752
1167
3894
1234
1679
3940
4543
4144
1495
4360
3817
1984
4339
1793
7100
1551
3910
2460
2521
4326
4621
5184
1892
1251
2531
2423
4462
2758
4037
3241
2255
3916
2654
4051
818
2681
1081
2272
1148
1500
1238
3742
2796
3752
1238
2074
772
2637
10017
3861
396
3667
3289
723
9388
1751
2050
2615
2205
1588
2956
2862
2453
2118
4609
1543
7403
2683
1030
1561
2262
1708
1430
1723
1799
3238
1520
1629
5592
1886
3533
2636
3335
1374
2362
2505
660
3450
582
2240
1747
2242
1073
3556
2499
732
1196
2098
2205
523
881
2286
2052
4372
3221
2469
2270
2234
754
390
2340
1446
1192
1556
5733
1062
2355
5250
1215
2949
1142
1820
1289
1618
2008
1029
1489
1142
2166
1121
478
1560
1920
1888
2455
2218
5658
1976
1665
1580
1789
1857
2315
684
2784
2386
2445
1513
573
1829
1434
3258
1698
982
1927
1448
3297
2651
3324
1803
1860
3285
3525
1809
3599
2296
2312
3254
777
3055
1321
1107
1946
2273
558
4449
605
2572
601
1114
2534
550
3384
1783
2075
2885
2114
5502
3054
2751
1164
1419
2577
1475
1760
913
654
3370
4635
2842
2970
3117
2375
2442
2015
3872
4740
1838
2555
5438
1692
1191
2221
6783
1456
2937
1108
970
1237
847
1505
826
3001
834
4277
2109
2275
1380
3888
1779
1671
1842
751
3545
1918
6501
515
1425
7998
1557
1531
2414
4298
1002
1405
2438
2996
3083
2815
3787
2464
1796
1250
2087
1878
1459
1029
1247
2680
1926
3301
1320
1308
1577
2762
3056
2587
4869
2562
1564
1821
2082
1612
1955
4833
880
2126
1069
4025
618
2490
1683
2497
3881
1032
1466
3740
1828
4006
6723
8463
2451
1214
1134
1820
1045
3558
2294
854
1439
363
2425
1562
427
1709
2276
1416
1760
2673
2363
2962
1505
1459
2665
2186
2449
3597
3526
6234
2179
962
2176
2268
2136
2243
3004
2136
5576
11591
1769
1754
2206
1498
2780
3892
5352
1075
1564
3793
2828
2243
2985
3182
13694
1900
1414
3738
1189
1540
2097
2218
3120
7169
2113
4181
1181
2297
2699
1153
3112
2088
2704
6675
2259
4848
2310
2514
981
1773
3396
2355
1332
863
2878
5579
1075
3943
2562
629
2485
5271
1601
1976
2886
2017
2854
5293
1467
5290
2245
2834
2090
4407
2742
2112
2723
3433
2754
1613
1082
4126
813
360
847
2706
1362
1031
5413
2206
5520
3052
1491
699
7909
2737
4414
1446
1923
1219
2880
1880
1182
2010
1510
2197
1749
2808
3591
2877
2189
2227
2867
938
1405
1776
2825
1593
2896
2129
734
1179
3003
681
4228
2967
6118
2685
3569
3336
2818
2464
2263
2519
633
2115
1869
695
865
1676
5493
1605
1439
2252
5034
951
1462
890
1082
1072
4360
945
2111
2071
3094
4080
1568
595
2749
1667
2765
2272
1786
5554
2556
3332
1741
3517
2410
7350
3733
5232
4480
1793
2759
2485
6186
4454
2422
2308
561
5462
2960
2462
3165
4749
3321
1241
2992
1394
5371
1979
3209
3130
753
1709
889
967
932
3777
5119
4232
7230
6891
3789
4308
2507
5109
1609
3049
2807
1919
6298
6546
2401
4351
640
2654
4166
2092
6173
1491
3778
8560
2485
2019
8151
1992
1896
3060
1220
2424
2923
1447
4110
1970
3067
6128
3717
1577
2491
6399
6059
1932
3555
5275
3051
11334
7396
4290
2674
2537
2697
4588
2212
1366
3750
4561
3933
11070
4689
5305
2384
3123
7388
1599
2395
1330
2975
993
3602
2739
3089
2637
2482
1104
868
6156
1388
6376
7107
5840
2344
1116
4898
5360
2285
1621
2262
2463
4579
1176
2338
2572
3995
5266
3454
1418
3096
1505
3270
1320
7264
6843
2430
2745
4078
3878
1936
5704
2904
3652
1003
4205
7035
1211
2192
2449
2543
2287
3362
1995
2147
788
5058
3725
2280
2146
1493
920
4869
753
2176
698
2430
1820
4699
1684
2147
4096
3356
2372
1489
3778
1489
1417
1280
1736
5785
1383
4326
2860
3656
2010
2472
4201
2164
2397
1513
2348
2279
2900
168
2594
2155
3703
1123
1361
3314
6107
4848
7383
1661
1494
1357
807
1706
1490
1742
2463
7662
2358
1163
2756
2417
8025
2582
3266
1196
1888
3046
2914
1950
2701
1035
1676
902
2065
2316
1615
3306
1580
2258
3440
804
743
1260
542
2608
2808
1708
2613
3105
1654
2780
645
4982
2586
5275
2109
4631
1680
2442
5920
1396
1788
702
2696
2909
684
2335
5041
5270
3397
411
4480
2918
4099
1262
3784
4008
2659
3648
3215
2267
1781
408
2700
998
2214
2870
1375
2832
1174
5925
1989
6011
1873
4676
2022
3569
832
2114
3525
1828
2697
1647
1586
5873
1359
2996
3029
2684
11127
2738
5842
1412
1619
2468
4205
3820
1774
887
576
1118
321
809
2443
1404
744
4086
1239
3296
2578
3081
3218
412
1048
5286
1846
3715
3334
3106
1035
2127
851
3640
1421
1504
958
1042
3953
2326
4280
2995
1984
4357
2235
3616
1866
3572
2273
1924
2186
8140
5179
5156
2165
5309
1757
2594
1411
6570
2038
3204
5157
1559
2857
3410
1814
4661
2351
6317
1752
714
1418
6119
2090
2491
1957
1777
2476
4151
6468
2064
2413
2910
3652
2260
1349
3534
1285
2884
2394
1828
5642
6299
3457
5083
2313
1832
1479
4562
1957
4794
6591
1535
1530
1741
4594
4288
1892
2154
2080
2120
1609
3033
2445
1331
366
844
2761
7517
1866
1469
533
5495
4084
3913
3795
3649
2503
3736
6120
1777
4186
915
3081
1726
3654
5064
2408
2387
11696
1737
2113
3116
2167
502
959
5113
6016
1769
3690
2431
1541
1281
2909
430
2733
791
3579
1606
4197
529
1212
6743
779
2680
2715
6655
4880
2967
2769
3133
8643
2342
2890
6076
3602
1674
4186
2029
1484
1221
3811
3911
1573
4397
3916
4105
6349
1892
4469
5601
2220
1045
1839
2356
3286
696
2352
2451
1288
1427
1226
1487
3033
5009
3600
2026
1910
2060
2153
3571
2222
2579
3237
2155
3623
561
2589
1316
883
1458
3112
744
806
2157
6841
5405
3019
2314
1488
3566
3748
2951
2398
2403
1038
5780
2237
3475
2131
1888
1611
6715
468
2954
1102
661
3124
1242
1792
918
3849
3323
1131
2321
2775
3909
3281
2101
3327
2884
1897
4704
5352
516
1213
3284
2920
3116
1757
4376
3418
3329
661
1310
2619
6481
1886
4622
1822
1696
1923
1118
1567
3159
1233
5614
1185
2423
4346
542
2178
2297
7015
2629
891
1846
4406
2976
2903
1303
2400
1741
2583
2102
1283
4676
594
2894
4459
548
2075
3607
3389
1162
2205
2295
1447
11525
2938
2122
2846
4008
968
2643
3830
975
1491
4671
4936
3142
1567
507
2440
4056
4415
4119
1621
3199
918
1325
3367
5520
5334
1660
6860
7709
4189
760
1128
720
384
880
1330
3140
2738
864
2585
2062
2531
3725
2145
2555
2097
3205
6744
3403
3756
1886
5012
3569
2033
760
465
1358
2020
1026
970
6425
1859
808
2427
5545
1632
8910
6234
3457
2433
17400
3062
1920
2168
9113
2394
3025
3081
5087
1753
3009
489
2124
1891
2332
2777
2076
2982
4745
4378
3995
7297
756
5563
3285
5248
2637
3489
5170
7050
3099
2003
735
3187
498
2395
6031
1215
3077
804
3205
1536
2261
7142
3257
1448
5597
3061
1951
8658
2576
5620
6803
1911
3457
1900
942
966
966
951
2874
2355
989
1724
2979
5305
594
3581
2116
1676
2509
2239
828
4693
891
6953
1814
4401
1565
2353
3085
2050
1988
3238
1845
2269
2971
6347
2949
1195
4249
4200
7695
1347
644
1521
4444
392
4388
1671
4643
3268
3583
411
6681
2966
2283
2512
2884
6454
5590
2759
4316
933
3779
876
2709
2897
1824
6366
2744
2489
3487
2356
4104
3225
2532
3832
4413
2045
2298
1225
4059
3033
4565
1464
2849
2643
1306
2344
3258
1947
1045
3060
2157
1851
3138
1821
4475
2599
4492
1737
3173
2913
3030
3715
3550
2506
2762
1475
6704
4366
1847
2261
6065
3425
3285
6189
2347
2145
1407
4371
4078
3887
2466
699
4542
4521
3395
4131
2676
1317
2645
4173
1097
2883
2850
3522
2213
3642
5766
2476
1925
2165
3143
5227
921
5860
816
6038
2265
1611
5181
1633
4355
2362
2341
4783
2349
2107
5239
3834
2730
2064
5949
2744
2576
2136
4142
1915
4181
5048
7009
8635
5256
3948
5706
1699
882
1239
4299
6908
1847
3386
3071
2635
3778
4594
5268
817
3525
2427
1371
2194
1938
1951
4236
1713
1494
1385
7013
2707
4934
978
828
2499
2009
1827
5164
3463
2660
687
713
2000
3177
1598
2352
10088
4822
2443
1433
1448
1593
5837
3481
9261
3058
3370
1453
3679
7091
4045
2419
2185
1975
9362
2518
1682
1664
550
1198
785
3020
3907
3439
3033
3302
1656
2243
3459
3738
2246
2100
3032
2523
2224
4776
2032
998
8994
4542
1969
2147
2058
4080
4612
3978
1957
6034
2780
1732
3237
5727
5042
2988
1584
3970
1423
3722
3577
1560
5800
1599
1822
1012
1415
3975
3847
5551
3161
13183
3062
4200
686
7263
2697
5243
5520
800
2719
4238
3765
958
3079
1144
2356
5243
2395
2210
4441
2925
831
9901
2889
1298
2706
2125
2850
2426
2710
4282
6539
4917
767
1675
4853
1072
3909
7155
2787
3720
2208
3042
6760
2795
996
3594
1711
2883
4611
1630
4925
1952
2043
2214
2252
1921
1792
1372
2661
1032
11650
3420
515
1639
1152
2856
3356
685
1791
2377
4260
2287
7315
1707
4837
2310
3121
2473
3871
695
1766
6205
2433
1815
1347
4537
2674
2744
808
1714
8704
4154
4784
4243
4238
1852
2169
1401
4631
6237
10787
1923
2946
2331
3155
1143
5042
2165
1528
1974
1361
4242
2362
2834
1016
2680
544
4724
3091
1992
5892
1454
2301
4350
4907
1697
1964
2505
3522
2668
5440
1702
2379
2059
2083
2973
1389
5143
5032
1953
4551
2138
3135
1756
1362
2295
1751
2062
14490
3331
2250
2487
2791
3325
5900
2429
1673
3635
2961
2073
2091
6274
2322
2751
3146
4428
4500
4002
1637
1618
4575
3120
1887
1976
2818
3011
2757
2664
3574
6090
4499
6461
2522
2381
3951
1607
5137
2808
1199
1850
2706
1144
1910
5147
4263
2315
1422
6346
3618
3113
12922
6273
3428
4248
6023
4638
4716
3229
1641
1227
2435
2571
1100
6918
2440
3545
5846
5984
4097
1691
1969
1656
1853
3393
1477
3529
2084
9646
3314
2480
3644
3100
876
4000
1774
4057
2139
2289
2879
6229
2407
1624
1586
2091
3025
4317
2556
1590
3436
9926
1625
3063
4321
4783
4106
586
5873
5040
1239
249
1534
1516
3052
3751
1852
5743
4098
4114
2338
4542
5011
1571
5795
2214
1220
1272
1863
2855
1355
2135
1452
2767
7958
1347
2670
3080
2392
1702
1299
2775
1804
2196
1814
3214
1597
4118
1933
2810
2636
1040
2185
1514
4852
5042
6548
1564
1667
3221
2796
1640
3179
1484
895
2178
2432
2647
2569
1426
1867
5782
2996
1107
4260
7102
3773
3130
5680
1635
6228
4987
2092
3854
7233
3588
1622
2192
1360
2090
1791
1068
5647
4344
1101
1099
1273
6674
2344
1666
1618
2774
3338
1943
5665
2796
2584
3309
2928
2880
2020
3972
1587
3141
2444
1290
2700
3653
1569
1490
1204
4130
3350
2337
2063
2993
2855
1324
1673
1908
1892
3893
1007
2628
1683
3765
1534
1233
5607
1278
2314
1866
4126
2031
4436
3949
1623
3206
1620
2030
10383
1961
3407
2674
1354
1855
3067
3492
1670
3187
1415
2170
2910
3723
5020
1559
2776
1361
2980
2149
4087
1712
1786
2875
2130
3184
3315
891
1682
2797
8576
10192
1719
2590
2841
1571
3099
2393
5957
3286
2938
1168
2452
17124
2120
1372
6064
1242
2780
847
14320
1795
1816
2166
897
2943
4282
1610
270
489
4947
1078
2881
7349
2504
606
1536
397
4999
6660
2986
1917
2417
627
3890
498
1771
2537
2808
6717
1379
3057
2960
4620
6094
917
1835
231
1419
1499
3327
4670
336
6947
1200
462
3076
4755
4373
4548
2799
1205
3672
2541
2368
2128
1471
2280
3190
3923
3371
1279
3540
1451
2537
2507
670
3649
959
3287
3239
454
2484
3390
2674
3214
5055
2718
1582
2407
1871
1520
2190
5121
1907
6238
6332
336
10885
408
841
3413
2376
2855
6950
6480
3018
468
1332
3745
804
12405
2091
701
3306
4998
2631
8437
5429
4863
4601
781
1412
2246
2700
2772
1793
3748
2166
6666
3210
2943
4263
2490
2116
1755
873
2824
3089
4089
7433
3140
1939
4111
2578
2331
1531
841
1737
2588
2398
3210
2285
6381
3880
1746
4796
2966
2848
2288
3317
1656
547
2350
6381
2506
1110
2988
2398
1881
467
2379
5491
605
816
896
402
2295
2391
1774
8553
5405
4703
4683
3629
2888
2810
3868
2580
2012
392
3030
2171
1523
1503
1505
3808
1596
2434
2127
1623
2869
4060
4385
2976
5579
446
2254
2181
2745
1940
399
657
4006
3491
1657
5948
1239
1545
3273
1684
7284
5257
990
1306
381
1953
1977
1416
6378
1330
2565
2025
4780
3465
2018
2334
2984
1113
2710
2174
1394
4724
2728
2588
3196
1942
1739
1469
1993
4718
1823
5297
1835
1363
1308
2642
1007
2016
3359
2176
4312
2063
2712
1023
6525
706
643
1524
1538
570
570
570
3826
3846
3590
3578
5235
1645
6110
1078
1808
2142
824
2543
5533
2592
3274
2992
3406
906
5008
1081
2026
1961
5209
2186
960
1453
2020
2074
6049
2897
2223
2652
2966
1218
1572
3295
3917
2921
3084
5583
786
591
774
5167
2594
4048
5538
2283
1105
2932
2199
2854
309
4681
1075
5168
2549
2366
3484
2208
3665
2055
1127
854
3656
2745
4124
1814
1447
2256
6814
3136
3421
3639
4611
2343
8994
3175
692
1877
1763
2210
3482
5071
855
7184
3395
2841
4139
2782
4093
2666
2281
2186
4611
2130
2023
691
3140
4216
3684
1642
2607
2573
4059
1481
13506
2734
2148
649
3801
2624
2429
1919
1642
3378
1192
2470
682
753
4929
2360
2791
5002
4959
941
3413
4590
3726
6139
2600
3718
2644
930
1932
924
912
913
3150
1462
2381
957
954
2039
939
240
1642
3985
3386
2579
2451
4161
2060
1870
3550
4333
6469
1752
451
2711
1679
2344
3576
2720
3361
1365
4065
3049
4129
1704
1992
2279
4345
1817
1902
1938
1308
3212
5399
1564
1602
723
2685
2087
1770
2273
1625
765
1101
1758
1458
4220
258
3426
6735
1872
1726
3724
993
3995
13108
1405
2997
2241
4696
2783
2836
1071
4132
2370
4075
5962
3496
550
2088
1371
1543
3788
315
3575
4538
2025
2623
5161
811
741
1444
2248
336
2926
1531
255
1708
2732
2825
4803
2461
2368
2734
6834
3844
679
351
3948
1648
2742
4223
2284
2547
1686
2015
923
1014
4307
3448
1507
3129
1294
1187
5612
3236
3026
2408
2732
3997
2770
5089
483
582
2315
4653
4283
204
3140
2865
1851
3261
762
553
3747
1063
315
1826
3426
1611
3162
2312
2571
1312
2508
1495
1715
1891
894
1151
4412
367
960
5481
3596
5847
2520
3065
2037
6395
3997
1482
5215
2692
495
968
2133
1167
2319
1252
6963
1763
570
897
2979
2200
2736
2542
1832
4217
2679
4422
8576
2823
1845
2181
414
4380
9528
2904
3139
1378
3621
2674
1413
4952
3362
1914
935
1493
3079
909
3178
1128
1784
1131
1148
3053
909
6638
6409
2749
6111
1559
2464
3105
348
1550
1045
1481
2653
3884
3833
601
3094
833
3511
3174
2395
2289
14886
2016
1423
1645
849
4396
1570
3198
2761
2441
405
3340
2760
1756
4942
2495
1371
3266
3413
621
695
5314
3023
1878
1828
378
3766
8070
2999
1468
1798
1041
606
1351
4557
1420
1422
3246
7985
5772
6252
980
865
159
5384
3933
1543
1658
985
2253
3101
2232
1113
2511
1425
4109
3498
4228
2426
1143
612
2257
4360
2999
2263
1423
1045
5382
1085
3840
1538
1084
1948
3559
636
2985
595
629
3170
598
1000
2183
6633
4538
6042
723
2610
4516
3380
1982
2282
3126
3671
1119
438
10389
5205
2682
3729
2242
447
5860
7205
5186
2653
3559
2841
8642
5600
3497
4297
1690
2458
4883
3261
4912
2465
1014
2641
2489
1410
755
414
1143
1244
1049
2688
2191
1269
1500
3270
2402
1901
2127
4680
2651
2153
2278
2402
1535
822
6279
1403
2483
1026
375
3805
5216
3941
2030
2717
1467
1577
3896
1690
1281
1050
1829
8174
5308
1439
3834
3878
4384
4232
3561
2336
312
1993
2651
282
1168
1085
1954
2902
715
1745
1548
2036
5296
5088
666
297
3410
1515
2872
1316
3026
2986
4059
648
996
592
2962
381
2479
870
611
249
1363
942
2137
1894
1957
1236
411
1186
1879
1067
13869
920
963
868
1905
4144
2261
4876
1993
3897
1511
7548
3236
2475
2054
5321
1152
10601
5687
2830
1036
1798
1612
1518
1778
2357
3655
420
1968
270
4041
1518
4628
1265
5926
437
518
8886
1081
1545
618
2367
5829
8428
1406
2960
401
400
2839
2383
2682
3378
1690
2602
3602
4349
3777
5832
4317
831
2391
2673
1504
2044
2381
1032
4684
3426
453
835
1671
1997
2379
717
4833
2304
3926
1694
6036
5315
2135
1371
3873
2126
2120
1651
1408
940
2439
2669
3137
3522
3285
1907
1691
2922
2529
1516
3367
333
1281
2278
1002
1109
678
776
1498
1558
771
673
2526
2582
5969
2781
4747
3415
471
2284
1110
1149
1632
3147
4446
5809
500
2762
2577
913
5073
2315
2118
1866
1474
3775
2250
745
2276
2246
2204
4036
5444
1454
1959
2615
423
413
2242
2786
6699
4740
1323
3790
890
1065
1800
3235
2071
1344
796
2775
6140
553
6010
1024
1858
1832
4327
2023
2699
4723
2263
4745
1517
2528
2166
1571
1776
1281
2160
2672
3661
1123
1466
1477
3698
596
1720
1617
126
1952
1038
672
474
1564
3557
1179
2681
4070
1546
2818
2940
540
2383
4165
1993
1222
1573
1508
339
1034
6621
1439
1068
1371
476
855
3046
1727
8347
897
5641
1084
1726
5912
6888
2095
844
3550
1289
2449
1599
3411
2293
2504
3892
3410
1515
1870
1548
537
2774
1194
1479
1155
1041
1649
547
2325
2664
993
509
903
557
1642
2439
2170
2766
3664
883
1854
1594
1432
983
1223
4305
3918
1833
3368
1357
1605
354
1140
984
557
536
3944
3859
2112
3128
6733
2217
4466
2504
663
654
1481
2640
833
6548
3089
991
1253
709
1695
2828
948
2650
4686
4635
1376
1905
3070
1381
2461
2824
5272
3323
4403
4609
2440
3297
1563
1765
3356
3388
3935
6642
993
1804
2124
1731
2220
2129
2041
2062
1184
2363
1676
4171
2122
1531
3024
2866
2255
4952
2231
8464
1431
1189
2475
7809
431
2432
2041
1512
4067
3070
1065
360
3368
1987
1162
1130
2875
3494
6329
3616
1384
954
6496
951
900
900
722
1568
1872
2952
2185
3220
1772
2061
996
1871
4237
1032
15552
3913
6771
930
3721
2774
1647
960
963
4838
1259
2475
2343
2028
2103
2028
3165
3411
4087
949
1302
19271
378
5777
5593
2676
4677
1968
693
652
972
3292
2046
2690
1767
3604
4265
3583
1326
1680
12462
681
869
494
533
7239
3410
2445
1512
1415
2317
3312
1337
1068
4343
1979
1649
1715
3816
3573
3170
1745
2272
601
1961
3304
5832
3743
5607
4048
1156
4465
1884
603
841
1717
1748
1496
1492
483
5013
3345
2327
2492
2022
2019
1963
2129
3627
2368
1896
2095
2116
1157
1750
1438
901
2686
1471
3872
618
1562
1348
1958
2629
1395
4838
1010
3080
3639
2791
5892
2383
876
691
1172
3477
585
3427
2568
5814
2524
5086
2364
11135
2371
9041
3707
3316
4168
3733
2856
507
2002
4453
1550
1323
1101
1200
4825
1975
2299
1275
4443
2314
3588
1957
2008
1568
2089
1552
1463
1461
15285
1751
1684
3664
1936
2786
5664
4928
6825
6213
7210
2916
5619
2335
1923
6224
3705
2055
4092
1897
2216
1489
1170
1508
2208
5289
13271
3891
2320
2027
2348
2224
1840
2470
3480
1210
2005
5761
1530
1584
1757
1542
1570
1401
1353
3713
1831
1394
1489
448
7971
1209
3457
2096
1724
727
3332
2338
6217
1400
2464
667
1614
3237
1580
2568
3937
3658
1312
6058
3374
1756
1398
660
6378
1459
1689
1583
1438
2181
1870
3415
2311
3540
4236
2665
1865
5498
3105
3017
1321
2722
4567
2102
901
1164
606
683
354
9849
198
2641
2065
1563
3093
147
2231
5357
2629
2674
3581
1004
5267
2998
2374
2435
2157
1312
1944
1563
1732
910
861
910
549
549
1626
1960
2858
1133
2529
1738
4164
2391
2784
462
1548
1823
2612
786
4265
1057
2098
2070
1565
1594
2135
2865
2186
255
408
4864
4017
2165
1045
4241
2357
5229
3170
6362
1632
3499
970
1040
1012
2262
1586
2203
2463
2257
1719
1950
1179
1679
1761
612
1058
2254
318
4402
3743
3393
1679
2666
1225
3142
397
5118
2565
6286
916
8864
2650
2290
1008
3553
1672
2410
3593
940
968
1032
595
11114
4200
1666
3224
900
2175
1136
2700
1931
1125
1179
6586
3893
2707
1525
1328
1498
1848
4087
3079
5204
3276
2080
929
6807
1693
1201
707
3878
1104
1044
2365
4053
948
2561
2664
1436
2783
6192
1866
1416
4376
9085
2176
1591
1036
736
2090
2511
6492
2706
2893
914
1667
4581
589
5735
2054
3192
1008
796
3928
4627
2594
2793
11444
3971
1403
1571
2492
1984
3258
2164
3178
6639
907
1515
2959
964
1502
1949
2624
662
6117
2093
576
3428
2809
2648
3482
1602
601
1825
2357
5835
3023
4414
4056
1662
1112
1902
1958
5448
2302
3917
2143
2561
6030
2424
2000
2839
8203
1946
2519
2073
2500
5485
4406
6762
1134
2108
1752
1302
1570
4469
3556
1418
2908
5520
2042
1501
1501
2467
1344
6597
27652
735
3434
2536
2783
2411
2536
1052
2860
684
1173
3661
273
2772
1135
2931
3413
5412
1499
3035
1048
618
1330
2276
3052
1386
1286
2819
891
802
1910
7393
779
1179
2428
1826
446
2572
2046
1478
4723
1566
3224
2602
2327
5674
3374
855
2383
1707
1375
3187
4565
2769
1964
6609
4367
3001
3277
6674
5679
3964
3176
1391
1341
1995
1266
2259
2097
3097
3037
1606
3210
484
1396
4023
4348
1100
780
2662
3096
585
8319
4687
2533
2864
288
288
4185
1997
5319
676
2365
4473
5217
1848
1974
1353
3666
1525
1272
1316
3967
9372
1297
4006
4138
1598
4605
1730
1597
4013
5926
2053
2906
1835
1954
2965
1610
2324
2901
5418
2860
1649
390
1472
2377
2335
4315
1920
3030
3284
1292
4545
1057
4161
1160
3456
2166
3500
2098
2298
4915
234
1585
1708
2907
1936
2164
2233
4339
1729
4329
2317
2420
2271
3580
1327
1521
351
1916
1739
3184
2283
2709
1799
9985
3861
3181
1991
1854
7197
2344
1522
1774
252
4009
2369
4214
2578
2777
4015
2807
6466
4504
1412
5285
1482
6704
2697
2774
3266
1454
6220
800
1342
5377
1657
468
5121
4219
3578
5242
2982
4521
2794
1548
2596
2174
4925
1732
1335
2663
1852
450
4353
3588
1936
552
2623
3429
899
9252
2035
5918
1856
2703
3839
2261
2842
3510
1335
6322
1718
2289
3622
5185
3622
3978
1006
14093
4029
3052
2133
1943
1075
2486
1844
2695
1887
2894
2177
2256
3109
3757
668
1999
2053
4857
1355
1117
2151
4151
3636
1167
1649
1784
1871
3832
5555
3468
1627
6888
1083
1771
930
4445
3844
5087
3920
1299
2725
2486
1530
2493
2116
3223
1838
876
1893
2779
2372
1952
1572
2592
900
252
3082
1991
3985
1419
5520
4493
2126
3911
2763
1801
2933
1333
1987
2040
3810
2933
4582
4021
1622
3814
8077
1566
1317
1769
873
647
4805
5105
1005
2121
6016
7619
991
1708
4872
1921
1796
7594
7870
1650
4888
3309
3558
5703
1728
5147
4820
2808
3093
3540
3213
2825
841
4025
1900
5003
2363
5882
3774
3446
869
2838
207
5708
1504
1339
786
2727
2757
3905
3923
2618
2165
2265
1173
2605
1768
1996
2313
2643
1204
1289
1809
4880
757
742
300
6861
2272
1027
11705
4467
4326
1101
8565
2215
2936
648
1925
2515
6479
2138
138
4450
1964
2365
3064
3124
4015
468
2104
1230
1782
4457
3077
5227
1271
2183
2036
3660
5297
3344
4244
3489
2322
4494
1740
1196
1053
4801
2772
2413
3916
2362
7405
6304
615
2616
7597
10110
1986
1868
1703
2409
3162
1203
1188
2826
8615
3449
3606
3384
886
1354
2567
1344
2965
2791
3441
3073
888
1584
2175
5730
165
2108
2584
1469
1315
2089
1415
2698
1779
1482
1169
2898
2950
2919
2981
6071
3530
7650
237
3687
2094
2665
1073
5412
1479
1161
3670
1517
3174
578
1567
3948
1895
4754
1601
1733
2043
3600
2797
2890
6160
864
2373
11423
3568
2164
3105
2499
1047
2429
1157
5495
1920
707
3595
1429
4795
1176
2166
7263
3572
6401
1412
2440
5354
1708
2072
1665
539
6642
2999
1279
1293
11376
2980
1628
5173
2790
813
3549
531
2933
2712
845
5537
3701
2694
2306
2132
1626
1843
1374
1316
2941
1718
2470
6050
2755
4315
2216
2777
1937
1545
1845
539
7968
4197
1822
2109
2742
1178
1237
1341
1643
579
3254
1971
3155
1662
5360
3888
3237
3870
2307
2333
5990
2449
1895
2203
4585
2613
5165
5428
3550
2494
4512
5864
4254
6214
4323
1846
5747
2722
631
1031
1511
4367
1802
3149
408
1543
1233
1698
5801
6635
2562
4107
2549
7468
2525
4008
3857
4079
4621
2054
1843
8190
2865
3634
1323
5192
4654
3279
3585
10363
2027
3049
1193
2679
3952
2637
1946
1399
1632
5921
4394
3041
2421
2186
1954
3295
2320
2973
3121
2090
1598
2950
3236
4193
4783
1821
696
1761
2026
1677
3288
3163
3745
450
2610
582
963
1041
3331
872
5703
2332
2974
1066
1832
4263
1349
1582
2976
3715
2439
2746
4598
2604
5185
5077
1173
1114
4857
3283
3496
3548
2207
5211
1476
2508
4541
2912
708
1632
1490
2291
3675
4002
3617
2451
1964
3573
1076
3246
888
3241
2717
1855
551
1656
2617
4145
4184
2942
1257
3950
568
2489
1441
1823
2527
1739
2882
2370
1568
4703
4488
6532
1702
2121
1119
2980
4525
2700
1019
3853
1812
3989
2991
2269
6868
5528
2533
1596
1014
1354
1644
3642
3547
1914
3630
1081
4273
1836
2145
4341
2543
6880
2835
1644
1631
4611
5112
6620
2357
2168
2427
1079
3245
7762
4335
1599
3817
2424
3717
2099
1832
3566
1887
5613
5163
2484
2920
3856
902
3043
2577
3933
2427
837
4148
3938
4143
11740
1530
6924
1499
1059
7931
5272
2526
2208
1728
1741
3170
7191
4727
7997
2227
2067
3516
2102
2993
2375
2349
2258
1008
3749
3713
502
4258
3507
2682
4206
4207
2901
6918
1434
1725
4126
3781
4257
1837
2278
5493
2770
4942
2156
5120
3230
1853
3161
5804
2415
2320
9460
2335
3998
4309
1515
3626
1331
5566
2536
3186
2739
4181
2163
3814
2022
1347
612
4481
8125
3059
1844
2108
2022
4103
3168
3715
2816
5211
1791
6605
2650
2019
4158
2654
5915
2397
1153
1952
1751
1125
1410
2282
2101
3926
4432
2997
2143
4569
369
2112
1866
3643
4815
2366
3826
480
1845
1802
4484
2334
5455
857
5495
2328
3928
7766
1505
1547
3281
2499
1329
4879
2999
2749
2321
1783
1458
5089
1562
1364
833
1137
3178
4563
3567
1009
1853
4038
1178
1931
6355
3228
2728
3741
3535
3131
5401
2089
2589
3372
2382
4605
2273
2789
1629
3929
4190
3496
1679
1180
1813
477
2693
1188
1364
1009
4896
4563
1644
4060
2620
1555
1230
6326
1804
2966
2462
3082
4022
360
1881
1635
3278
1035
1757
527
3707
5138
2769
1793
5970
2741
2077
6336
3753
765
969
957
1641
2664
5193
3885
2116
3572
6223
2752
1723
4717
3814
3262
1652
2660
2729
2244
4458
2969
2320
1079
3022
3346
998
1692
888
4086
5786
2186
983
3094
1646
1317
4799
1416
3059
756
936
1214
455
1547
1140
2498
3240
2212
3034
2168
2369
985
2676
2283
3327
2228
2976
3008
4284
2018
4563
8423
878
1233
570
2220
2442
2481
923
1532
2108
2222
1592
3022
652
2957
2851
5359
830
2169
2493
4146
1710
2656
5856
1637
2643
2045
1513
4016
1801
2553
1550
921
2920
2094
2720
2731
1288
1765
1820
393
6802
5056
5409
1594
3465
2765
2187
1490
2617
1900
506
1919
2948
1150
1828
3458
4518
2474
2580
617
3952
1137
1409
1236
3822
3377
3187
861
6932
3064
1356
3005
2636
921
1687
1661
2742
1399
2248
2504
2209
539
4766
3003
2012
3629
1505
1752
2939
4070
921
4676
1668
429
1179
1163
5627
6470
4200
984
1830
7193
4339
1867
4068
3190
1592
3630
7134
1594
4808
1601
2968
4203
2142
2198
2289
1133
1413
2296
1291
3692
5699
3777
2165
5510
6013
1037
6842
2108
2189
4540
1119
1956
1647
2178
1248
5089
3018
2516
2601
1393
2870
4380
5571
3218
2433
1746
6177
578
2709
3267
1353
1399
2848
2363
3408
1675
2877
3022
5787
6510
2253
1455
3610
2734
4624
6707
1754
4408
2347
512
3992
2775
3090
3134
1814
4422
2872
4538
2760
3866
3360
5677
2458
2845
2992
4902
6104
881
1472
11734
4108
713
3214
3486
1641
4798
1295
3408
1496
2052
2820
5555
1681
2285
3919
1259
2384
1576
5359
8093
918
2020
1953
4342
3303
3258
1393
2976
4382
1938
5122
897
2256
2680
2162
3144
2740
4662
2299
3603
3943
1924
1092
1625
5119
1752
2475
2822
1835
2830
1917
6807
3650
4052
819
1131
3034
1854
4910
2898
9377
2470
1855
3864
2616
6403
1938
483
3575
7985
925
2151
5632
1498
2118
5183
3430
567
1220
183
2001
1111
4163
2361
3730
557
8497
4079
5734
4913
1935
138
3143
2530
2761
2812
3085
2448
771
1643
3910
1534
447
2699
2969
1873
6926
2328
4169
1819
5049
1901
2052
2275
1766
7021
3429
2939
2366
4736
871
1294
423
3231
1945
4235
7071
2141
1964
4786
2499
939
2279
4414
2533
2211
5065
2660
1418
4571
4493
4894
3761
3472
3946
3341
3332
2852
1747
2200
3328
3485
4236
5287
2534
629
6774
3700
9767
2035
2468
3955
4967
4234
2479
3421
1080
2353
2654
2200
4334
5554
15213
4748
2037
4461
3799
1918
291
7556
1442
1664
7995
5338
2228
1436
1499
3829
1661
3068
1983
4682
2541
4734
1595
4393
3240
3392
10154
5641
4289
3476
681
5859
3164
396
1724
2997
725
1558
5974
1918
6307
3484
1943
2931
3125
4840
2967
2110
4040
3363
6123
2203
1818
2757
3293
3318
1276
3187
1782
3124
2072
1304
958
3169
2465
3936
402
3763
5296
5060
4206
396
1224
707
4022
1990
2435
1061
2992
1416
3118
2880
402
2818
2967
4970
1767
2530
465
2135
3604
1121
2465
2326
3687
2055
2763
3083
810
1240
2324
1434
5525
3151
3136
2958
183
6360
4183
3303
4574
1507
4630
2393
1786
1926
1870
1126
1932
1971
1505
592
1374
5030
952
4021
3105
10984
2069
1967
3364
2770
2663
2645
2328
1172
4190
2837
3895
2264
2062
255
1607
2086
1191
4840
4179
1154
4850
2550
2742
2433
1078
2732
2101
3607
8382
666
4703
1377
2421
5301
1512
1477
3643
2059
4291
3391
1857
2329
1392
1577
910
4726
2440
4757
5575
1115
3309
3082
3110
1682
2892
2406
1723
2834
3311
1164
2816
3297
2919
2244
1750
1257
2538
1742
2649
1806
4465
2736
2116
1886
2884
1733
2579
2420
5986
4569
2684
2063
4784
2514
4567
2749
1720
6142
1687
2343
3852
2397
2118
2391
739
774
4461
5035
4596
5207
1097
1928
2917
1405
1336
884
3645
5429
1824
1188
6157
1811
3257
3175
2373
1674
4976
4045
1786
5376
1816
2482
4549
2601
3448
2477
2950
3177
4236
2117
4294
2255
1297
1618
4565
1986
1948
4425
1749
4670
3234
2412
6579
2793
2133
1935
3082
3234
1152
4493
4180
7177
5206
3562
2012
1293
1381
1291
3716
2290
2248
2271
4649
3025
2760
4672
2004
171
4064
2307
2676
1018
3219
2733
5168
2586
4453
2514
2212
2004
11881
1313
2185
5687
2305
3333
5510
651
1161
1881
2318
1060
3646
1377
2685
4344
3674
6242
3907
2283
2390
1534
2497
1528
3026
1107
812
4561
1650
3687
2233
2345
3185
1959
2222
7949
576
1634
4232
3142
6009
4831
3595
4183
5305
5685
1737
2012
1729
1890
3194
3766
3193
2796
1976
2170
2312
3448
1038
3019
1396
4863
4172
1531
1426
1766
9166
1431
819
2696
4304
5718
5262
1558
6524
949
3513
2030
2913
2400
2963
1683
1529
2464
2733
4265
957
3766
5779
1944
2305
2983
4649
4157
3494
4949
2158
3865
4659
2467
1918
3225
2273
522
3629
4491
933
1283
3253
2621
3795
1861
4215
4222
3927
3422
1668
1684
2039
892
3780
1764
1584
6405
3452
3405
1529
2002
3569
3673
3158
2384
1702
1061
4830
2626
4720
2233
2962
3196
480
3086
5058
1681
2733
1890
2601
1458
3752
3878
4479
2205
776
1157
540
3210
2040
2644
1385
8301
1299
1531
5198
1423
2363
883
1373
2627
4710
3390
3794
2888
1253
661
1272
2442
2051
4295
1521
1151
3321
1763
5659
1853
4418
7385
4165
6089
821
3428
4716
1705
6221
2605
1489
3432
7678
10646
3913
1030
816
2048
1840
4943
1630
1584
2157
713
3702
3932
2723
2669
4171
390
3801
1417
1268
1107
1399
9361
2968
3710
708
3279
822
1071
3042
1347
1464
4566
817
609
459
1446
1125
1150
988
960
1853
4612
2219
8026
2499
2115
8716
919
3186
3474
3845
3945
3029
2364
1915
1937
4859
1655
2533
609
2798
617
2934
5692
1054
2133
1687
3333
4328
1045
1429
1898
4278
897
3766
13701
913
3482
2786
2022
4511
1926
2200
2048
705
2787
7692
2045
2799
2147
1096
1907
2049
1185
1490
2422
2354
6588
693
4268
3231
1536
968
2431
2242
1505
1409
10534
5164
2574
2410
2696
1294
2200
1915
1617
5724
788
1967
3345
2793
1724
2820
1242
1249
1222
552
2671
1734
2572
1702
659
5100
2395
2744
1112
1694
2408
1981
5827
1295
613
1337
2181
2186
2118
5393
2243
927
1272
1852
2106
962
2377
6735
4570
2426
3807
2902
18200
5100
814
2515
2997
3064
3110
2084
1857
5378
2398
5091
7077
4355
4210
3921
1702
3548
3598
3759
807
3555
1762
1721
2371
2913
213
5261
1290
4858
6626
2426
882
1879
3127
3342
3221
3531
3208
4199
2147
2007
4413
3566
1878
1801
1348
2619
2560
4538
5817
639
1902
2967
1572
1151
407
420
2090
5145
1006
3344
438
3871
2424
1224
1747
1774
2261
3045
1686
5347
1255
1611
1082
4506
2587
3717
3636
1491
2480
4449
3252
2127
13252
4666
6820
1522
2403
1474
2906
3944
2043
2917
1885
2024
621
5857
1079
8019
2372
1616
3374
3804
3861
2218
1540
3791
1109
1605
1461
2649
2430
5044
7398
3765
2434
2345
1905
1994
2326
2366
327
3014
2032
1912
1028
2664
5521
1133
7513
1296
541
3092
3420
835
8886
3427
1088
1444
3180
1463
1623
4028
3204
7172
1660
1960
821
957
2184
4139
3365
2538
1569
6783
3713
3059
3649
2260
2043
1346
1763
1947
3282
369
2299
768
1587
1352
3463
2049
1264
1035
3989
3797
756
5705
5724
2061
1900
4643
5096
4193
7848
3445
2467
5765
2494
1822
2824
2347
3513
2087
3537
3551
2325
2109
2555
1757
8010
2706
1125
4659
369
5404
1285
2361
9096
2148
4490
4660
2034
5620
1357
4607
3205
1977
3250
2046
5189
1255
3786
2338
2614
2637
980
4446
3600
1822
7710
4684
4921
2482
1462
3084
3917
2536
2901
2558
3182
1999
3618
2201
7696
4734
2963
4416
4157
521
5057
4474
2842
1754
2118
2101
3276
5267
1288
1209
5066
2205
3919
2828
2551
3070
7074
5473
2569
1347
1734
3336
4545
3320
1333
4416
4278
1782
1950
156
2347
7700
2159
3125
4189
4171
4290
2054
462
1839
2236
6049
2102
2146
1921
1483
5493
1080
2069
2265
4370
1019
2658
960
6664
2598
5242
2881
1552
3410
3298
4635
2177
3658
1505
390
3115
7598
4942
6550
636
1652
729
1134
1994
1391
1972
1516
1778
3691
5065
1543
1298
3307
4080
2262
2602
12533
2664
3334
2250
1676
2132
4154
6992
1903
870
1747
894
2823
3007
3440
2905
1666
1036
524
4611
1936
2809
3675
2199
8053
1925
2309
1594
4163
2823
2955
477
869
6435
1751
4428
1948
2469
2367
5767
1837
4363
3885
1256
5813
3939
10819
1936
3746
877
3756
2169
2630
573
5813
1433
2359
7524
3785
2024
6519
1969
1077
1146
5683
1193
591
1291
3362
2376
2182
1974
4376
545
2506
1709
2916
2833
2233
2281
786
1930
1525
3827
7805
1517
1624
4751
1460
2195
2312
1659
2994
2627
3164
4510
1548
1512
1929
6981
6450
3599
437
1382
2851
3620
631
4570
1766
3633
4153
2771
2395
2292
2255
270
4597
6251
790
3831
2442
1928
2467
5115
2111
654
6697
1646
1784
2047
2271
2362
902
5791
2422
4269
1531
1976
2065
4705
1811
2055
498
2937
2641
1628
1775
2390
3493
921
1038
1029
822
138
1020
2367
1505
6031
5376
1385
722
4589
5395
1920
2119
6993
1582
2572
5624
1648
3158
4377
2094
6875
4402
2312
2052
4229
2631
501
5599
1157
2485
2367
939
1514
2575
2800
1303
1317
979
1974
2635
2116
2047
2968
5389
3921
2956
2512
4339
3615
3382
3021
8713
3464
2979
993
1753
1680
3598
3363
2633
2455
3606
1820
5688
7445
432
2645
5154
1568
3290
4052
3331
4634
3915
5149
1151
1904
2886
4513
1713
4371
2501
1926
2212
2306
2268
1094
3410
471
5517
6137
1258
2677
3971
2293
1086
2007
8499
642
1235
1451
2788
4794
1588
3715
1893
1170
2075
3856
4860
4751
6621
4437
3083
2303
1008
2004
2503
3159
2439
1071
1095
1643
1235
1818
4900
1090
2000
2171
3872
3042
3586
2006
1953
2071
1758
1779
1766
1408
3223
7549
1605
2994
2309
1554
2251
6181
3020
2104
7742
2021
2177
3503
5428
987
1414
2761
1830
706
3564
1508
2210
2087
832
5263
1158
2379
2494
2122
3714
4040
2371
3111
582
2711
2041
965
711
1020
2925
1527
1614
1111
1111
2208
4831
2176
1854
3600
2642
3716
2499
804
1979
570
6320
570
3854
876
1160
2319
3183
1145
2790
1620
4244
1696
1212
1679
2252
8221
1618
2383
1558
2705
2819
2454
918
8262
1516
1713
1248
5405
180
3070
2635
1748
4187
3947
963
3149
4744
3101
2185
2968
1949
1037
829
2313
4380
2358
890
2380
4618
2336
1282
2970
3713
1985
3701
1877
836
3151
4442
4805
811
1359
3372
516
6941
1847
9297
7200
2073
3331
4582
922
754
1131
2670
2381
2635
474
3751
1234
786
5881
4405
6020
3370
1850
2131
5322
2043
1426
5597
4362
597
3807
354
672
3035
1974
3344
2612
2400
4437
3009
4494
4322
2765
1293
3759
3375
612
12493
1754
3224
762
2785
2113
2748
834
837
1900
920
3266
5336
4362
4056
5823
5047
736
2495
1459
2174
2267
4670
321
4054
795
614
1948
2729
424
3532
2623
3448
2420
1225
3184
3961
1267
5952
2054
1828
945
2818
2495
5122
1666
2760
3632
1101
2510
1987
4636
2519
2306
8041
2202
3397
3147
3254
840
9542
2509
4985
2596
1099
1886
4383
9723
2868
243
2951
444
1407
1067
2268
1501
2871
3258
4556
1108
165
456
3530
2177
3884
2192
3060
1162
4195
3169
1462
717
2819
2922
1951
1630
1638
5891
1109
3567
3719
1441
2089
3013
2007
1672
1821
3508
2613
2214
3924
2409
1556
4785
1731
1888
297
541
321
306
626
5870
718
1656
1956
4567
1939
513
619
3657
450
1352
3250
3776
2475
745
2306
997
1093
2489
4071
2089
1980
557
1815
2510
2469
1321
2424
1869
1766
2343
4909
1024
717
1422
1821
4346
3782
1239
2679
3638
2088
2717
6237
3740
1677
270
1442
960
933
7021
1663
603
1009
2137
3577
1332
4115
3502
3062
3046
919
2177
874
4073
2019
6236
5172
4343
2552
4294
1669
706
1573
3570
3650
3608
4705
1233
2079
1992
2563
2185
2801
3323
2345
2134
3730
5064
1631
1049
1973
1814
6745
1657
4730
3289
1049
3741
431
1151
504
921
1757
489
8931
5722
5583
4002
3790
1562
3890
4548
2192
9645
1881
5488
3128
1952
3318
4009
774
5335
2090
8392
1761
2571
2195
1518
1965
3582
588
3174
3137
5729
14771
1795
2794
2568
7101
3364
3262
2005
3043
6504
2331
4389
1139
2456
4560
2170
10342
3309
2863
1808
3036
3669
2376
1416
1636
1173
2131
2152
576
5128
2082
1058
676
2950
2930
2081
4385
177
5568
1542
2816
2736
1815
6482
1792
5927
3877
2226
1316
1607
5020
4769
1727
2550
1502
5401
3898
1413
3999
1496
4599
4156
3098
4093
5756
495
1374
2715
2411
2481
3086
2044
1083
4109
1696
4290
5737
5711
3532
1484
2749
2207
6371
2951
3804
1303
2047
3259
3031
855
783
7282
1633
1711
2925
2671
2770
14789
2430
4346
1727
2306
1334
2949
1700
3213
18021
2278
2219
2567
3002
5449
2447
1405
1464
963
3905
2368
5560
1169
2306
6831
3383
2443
730
1538
7337
1009
747
4089
2571
5083
1771
885
2001
690
1660
3808
3525
2808
3024
3760
1092
5744
2366
4457
2899
1945
1107
4954
1345
1068
4576
813
4752
4774
2757
6315
892
2520
2900
1813
2145
4674
1529
2068
3047
3261
2440
4213
1696
3023
2828
2772
5233
2205
3075
2337
1591
975
2834
2054
1792
1065
2199
2454
2104
4045
2528
4870
6945
2977
3176
3363
3149
7872
5643
2753
3750
1542
2032
6404
932
2505
4040
3086
1430
2504
2468
2450
4795
4551
1245
1338
4226
1579
3865
2002
3842
1102
4919
3914
3900
3484
2536
1774
3509
1725
10299
6622
5983
2514
4691
2874
2096
1008
1718
2143
3164
1753
5096
3719
3224
2345
2551
3073
4076
1439
465
3321
1865
2024
885
1388
3452
738
1609
3239
3064
3242
1028
2184
3372
6308
4305
1456
2703
979
363
3850
1611
2895
8070
1337
3416
10695
8475
3561
2936
939
3492
3437
2185
5628
2468
9088
1897
4561
954
1318
2760
2267
2791
4677
1878
6042
5464
1560
273
973
3944
5222
1364
1411
1825
1011
2659
878
2872
709
776
1705
1351
2360
4145
3172
2136
1810
3814
711
345
363
1899
1188
6219
2689
3267
2949
1279
860
3157
1897
3609
1500
2538
3116
2274
5670
4002
2384
6425
2814
4395
276
150
3735
3394
3101
1623
2814
3919
3754
5916
3405
2420
2562
6714
2142
1910
3596
2191
2527
1821
3864
6256
3366
1105
2032
2200
3932
336
2333
3683
2243
525
2171
2757
2408
1231
3899
3997
4086
1487
4823
4262
4350
1600
4176
1106
423
2941
3781
1083
4375
4383
4354
1436
1990
2849
3893
8770
5370
2065
2345
6089
5296
6333
5928
3162
1935
1092
3784
4596
5727
1421
4071
2661
2925
2932
20409
2529
2686
4404
6774
5157
1831
4180
5010
2586
2464
7514
818
1912
2903
2310
3596
3178
204
2602
997
2800
4435
1972
590
3628
1806
1659
2470
1481
5390
2540
3690
3397
3378
2952
3728
1080
1693
1158
5120
1089
4649
5501
2222
4508
1714
3620
1011
2941
5383
3186
3094
1409
4153
2948
768
3871
2556
2311
7854
2415
3370
5219
2304
3862
4472
2030
2282
2926
2890
3073
1781
893
3636
3511
2923
2525
5284
3822
705
2560
977
2905
4705
4107
5610
2248
3174
6139
938
2590
2428
3372
3530
936
2464
3221
3026
3256
387
3121
3891
1495
3361
3984
2177
5216
3268
2895
2185
1383
2001
4682
2199
2471
694
3355
2658
1350
1667
1717
2207
3426
4069
2522
3240
2700
1552
5196
6230
3034
1313
710
4806
1690
4544
99631
1832
2910
2416
609
3650
2935
4554
1770
5507
1848
3851
7111
2165
1896
3939
1044
3260
3625
7353
2159
2561
1205
1860
1580
1867
2221
2538
3249
5888
2592
1853
741
3040
1391
1777
3367
1701
13694
3979
3628
2040
3897
2820
1276
1778
6816
2191
2947
8090
1245
3691
1928
2304
2160
2007
2098
2459
6310
2082
6109
930
2462
5821
1032
4172
366
1900
2513
3417
1540
7333
1524
2750
3852
1202
900
1710
2971
1901
1818
1514
5641
675
1804
1801
5453
4121
3399
2308
687
2229
1440
2179
3669
2558
613
2834
3868
1509
4755
5587
3699
937
1406
2507
2300
504
5024
1339
2478
3664
3469
2888
3676
3868
3616
4759
5882
3144
1665
868
456
1573
729
4560
1512
3005
2376
8287
1505
5937
7002
1636
2487
2215
1888
4250
1826
351
3502
1348
4896
1514
1194
333
2706
2117
2890
2678
1614
2635
3895
409
3580
8415
3935
2924
4570
3208
1450
1206
894
3698
1128
1883
3809
1226
526
4657
1327
545
1463
192
2691
1125
2286
5657
4914
6804
870
4468
12970
4840
1594
1249
2419
2358
1619
2132
2497
1915
2429
2003
4607
5486
3850
6857
1824
2912
3501
3621
4350
2777
1187
2132
2482
906
2858
1276
1962
2874
1583
1163
819
1788
5038
3906
1763
1606
1411
7192
1858
4813
1998
3659
3556
2644
3676
5535
1512
2904
4668
5969
3957
4153
2191
3634
6378
2485
2919
3099
3669
1835
3048
1298
2563
1417
2564
2797
1353
2343
6216
3321
2707
2043
7504
2894
5601
3683
1420
1294
4240
2482
2256
7609
1385
1602
4516
3305
435
2561
5350
790
5138
3402
3062
2490
1687
2709
1704
2642
558
5702
1920
2072
1398
5665
3511
1414
2363
1253
468
3540
856
2524
3987
2194
1888
1764
3740
1021
1688
2803
1750
3521
4515
2740
1913
1421
3754
2412
2228
681
4411
4948
2689
4796
5990
3491
639
4584
2899
1772
4270
2024
4040
3161
2366
4403
3089
3014
5284
2632
4039
4197
2118
3780
5988
811
2115
348
2583
1034
908
4171
1949
2162
1322
2483
3756
1919
3044
5055
4645
2252
2066
4042
1191
876
2087
1285
12351
1137
382
1326
1396
2031
1323
570
5357
3557
1291
2916
3441
2946
1733
2007
2278
5221
2046
4054
735
2592
9001
5495
1820
3026
3177
3326
693
1847
831
2054
1984
1150
3792
1806
2716
2329
1362
2261
3548
645
1176
1189
3520
870
2659
1949
2551
4330
3730
2039
2349
591
473
3375
1929
1069
1829
3695
1464
5546
4350
6376
767
6352
1569
1663
2344
1427
7039
3988
963
3119
1744
1935
1144
2240
3564
8439
2823
4410
2837
3877
5395
1817
381
1353
805
1182
800
644
2476
2988
1742
1211
3800
1459
6215
2380
711
1209
970
966
1520
4232
2278
1942
3885
4988
5970
873
2082
2992
2213
2716
309
3584
2263
2068
1644
1313
3977
1710
926
3123
2709
2047
7086
3246
3160
6747
1599
5649
607
5250
3453
1547
2312
3030
228
1173
1798
3586
1787
3379
1811
2430
3320
3029
4195
956
3127
5765
1805
946
2266
2403
1003
2041
1661
761
4110
4494
588
4381
4870
3448
6074
2268
5250
2137
3944
3878
926
1605
3686
2447
2105
2755
3083
3742
886
966
4578
2085
2162
2036
1404
2017
1866
4578
1920
4314
2672
2380
2936
2657
5875
1804
2907
689
4680
5332
4214
2010
3476
667
604
490
2437
2492
1427
3644
2058
2135
2129
4976
2518
898
1114
1898
2459
7373
2769
657
2968
3632
6961
4713
3259
891
3223
2200
2094
774
2520
2875
889
354
3629
1949
1246
4208
4812
6113
2216
2968
10718
5942
1087
2677
974
1518
4933
2794
2487
2217
1057
780
779
2540
2465
2123
2451
2115
2461
2280
2360
459
2547
4281
1141
3376
8671
3079
1944
546
3344
2094
1084
4662
1384
1887
6067
3934
1959
2855
1001
3478
1448
2987
839
823
2619
2069
2801
2124
2192
3477
3168
3744
6612
4176
3223
2448
2601
2722
2213
3401
1619
3189
2117
1064
6952
3181
3655
7960
843
2895
3506
880
930
426
1962
1462
1947
2719
2531
462
2792
1215
3097
2768
2080
4344
3523
3065
1735
2044
2179
442
1741
1150
944
4465
1420
4179
3766
5323
4660
1323
5374
2273
1180
2638
2043
1751
1044
1357
2891
837
667
5717
2751
2204
2744
318
4798
518
1526
3969
2123
3383
924
1787
1327
2191
5146
1930
2547
1581
2215
2320
1926
813
1750
4156
1825
603
762
2812
1455
2281
6121
2680
2424
4268
1838
2518
3437
2213
1951
2708
3049
2263
1225
890
1503
1399
2056
2005
1863
577
2606
511
4225
3150
2404
2204
2755
727
1605
2211
2139
2564
821
6643
3071
3424
642
10624
1368
3080
1490
1002
6334
1932
3396
2404
2681
1865
900
591
2610
2945
2677
980
5266
2152
822
2240
828
1661
1908
1333
2261
2204
2713
1383
514
1374
1374
1679
2895
4288
1934
2125
1368
2204
3162
984
1095
1920
1543
1459
1146
1608
4238
4326
1542
1986
1950
2434
877
762
2069
7720
8778
3113
2479
2973
1531
2268
886
1288
1322
3208
1809
2016
2289
1793
2189
694
2783
2058
3047
1364
3118
5117
2931
2136
1591
894
5001
2810
1367
1571
1614
6401
2636
1089
679
3082
2005
2391
2345
1777
1369
4190
6016
3368
2834
2435
1978
5812
1960
1740
4274
2102
4766
4359
894
1181
864
2320
2246
945
3070
1241
5181
1947
2812
1818
1722
2413
2223
5073
1624
2097
2308
5294
1363
2926
5568
842
2582
2045
2178
2111
3475
2288
2313
4501
2177
2812
1971
582
2011
2971
2105
7793
624
3034
3577
2322
1941
2235
2774
1582
2380
2371
1798
3231
4703
1101
1861
3057
3261
3021
483
3659
2311
5445
2407
4340
2668
2884
2789
277
5909
7455
3098
3980
5851
1782
3043
3511
2455
3557
1903
4455
3844
2594
1151
663
3029
2288
3205
2467
3651
3025
5020
2743
3159
1989
2306
4427
1331
1576
3544
1369
1989
2299
1928
4240
3189
3418
3673
2335
5492
1309
1244
3411
1682
1788
372
186
2058
2571
2226
1775
5064
2048
3141
438
1929
2148
1442
1272
1258
2006
813
3589
1552
1975
1173
4266
1635
480
3404
747
883
3728
2086
4024
1723
4202
1745
3112
2636
396
2679
3014
508
1810
729
3197
4268
1503
2288
1784
1531
2586
2890
2502
2292
504
2035
1437
1372
1588
2196
480
2446
5627
1590
1851
2067
3784
5134
1839
1199
1048
1410
2871
4292
1509
2154
2936
2603
1214
4299
2261
3610
1033
1699
1200
3514
3408
6505
3169
321
4912
843
3190
2990
1380
1652
1673
5107
2455
4100
1721
1813
2334
4516
1158
2419
2002
1267
1324
2750
2452
2950
534
3981
594
609
759
2134
984
4823
682
1584
1839
2926
575
469
4086
756
1235
936
1952
3132
700
2589
306
381
1917
2751
6766
2486
1925
3990
3018
2516
3551
3559
1014
1059
2718
4204
529
117
1284
3191
3419
3145
8082
632
2485
2279
10545
4098
1156
2681
4680
2241
4185
1484
1107
1873
3511
4070
1682
3922
3698
2830
2762
1467
1814
2325
3699
1908
4988
853
1690
3306
1120
3142
554
2484
1447
747
1957
2442
1092
1560
4869
2896
5806
2573
4129
1879
885
2257
2018
3877
2734
3094
3115
4619
573
2496
1719
3459
1829
4128
2697
1380
2481
1549
1379
5552
2778
4012
1589
5605
1253
1866
3399
7471
4873
1701
1749
2869
1484
2816
5537
3439
462
489
2414
1800
4067
1991
1975
2641
4435
1462
3679
937
2378
3669
5412
3977
5354
1116
2384
14315
3085
8152
2355
2216
879
826
919
4007
1337
8294
7310
1470
2070
2051
2359
2303
3838
2625
1870
892
2384
4734
3852
853
1656
1529
2341
1510
2142
3976
4630
540
2702
2630
2311
3761
1013
2011
4299
2494
2832
1067
2457
698
438
3181
400
3789
1265
2015
1642
1805
4451
3297
5261
2381
5051
645
2006
615
2139
509
2951
3061
4308
4985
829
4756
2992
3502
2720
6006
840
5307
3378
8497
2136
817
2291
4874
1720
1995
5926
5762
3482
2033
2530
6240
1865
6501
3733
2680
2147
2464
2648
821
2527
2086
591
2437
1392
2302
3133
3382
4167
2768
1924
1389
703
3582
2831
2833
2781
3447
5278
2040
5145
1640
7119
3596
1977
1490
1812
1453
4658
2315
1887
2373
1869
1279
3394
2217
2859
988
3945
1573
3012
2412
5599
2652
4784
870
786
2425
1105
2732
3706
714
4662
1641
7142
1489
3584
2166
2501
15945
2757
3240
4266
3268
1893
2040
2938
2353
4531
4332
1555
4793
1398
1889
2429
2087
4333
3314
1963
3349
5833
1263
1107
902
1319
2155
1384
1632
2307
1967
1812
4370
2564
4172
2561
3024
809
3031
4633
2759
1837
5578
6167
2553
2964
5848
3536
863
3522
6962
1350
2914
2827
5207
1328
1677
4244
2603
2465
676
1948
3183
2535
8711
1851
19236
2324
2264
1104
1658
3409
2063
2156
4516
2861
4463
2557
2088
650
515
438
3015
2007
4022
2946
3159
4106
3455
3489
1209
513
3846
2999
2644
2078
5327
3333
5259
4136
2648
1708
908
5660
2760
2466
2047
2174
1335
3658
3011
3039
2249
1104
3090
885
4016
2120
1420
2307
2434
2741
2127
4499
924
781
4356
3190
1365
396
1856
2154
2580
2727
1791
2082
1492
4630
1896
387
2518
5437
2547
2916
2093
3512
2896
2940
2418
3526
1776
4599
396
2412
2165
390
1962
885
2184
905
2838
4155
2643
1780
1594
5222
1422
557
2748
3443
3604
2154
3736
4882
261
1785
1977
1118
714
2197
1742
5031
2506
1807
3781
2826
2051
2860
1018
1312
2785
3719
3056
2370
2082
3062
1305
5692
2563
2198
4303
672
1576
3353
4919
4723
1803
2869
851
2037
783
5602
1513
1017
2097
1825
537
7445
12518
1445
1332
2122
4091
1393
3645
5371
905
2273
1121
2067
4773
2927
13122
3218
1924
449
2352
542
463
4200
459
4040
3352
2087
1757
2778
459
4495
1488
4323
794
3075
2356
4431
1143
4368
1865
2475
1334
1013
420
2903
1795
303
5743
425
1838
2871
2826
3747
1267
2826
2167
1954
5592
3321
5677
2191
4197
3467
4103
1082
3593
1167
2520
4163
1060
3224
3353
4359
2742
4107
2642
1751
10412
1901
1631
2141
1056
2247
836
408
1993
3595
1189
1861
3651
2973
2095
201
2625
3373
2752
258
1776
4653
2067
2774
1955
5161
2894
763
942
2272
1468
2088
4913
3574
4293
2158
937
2355
4508
1547
7056
2682
1208
972
3669
3588
2110
945
951
2877
663
5040
2291
7805
4777
1691
5309
6199
862
1256
4850
1820
1828
3188
2631
3692
1286
6085
597
4444
2470
2796
660
4605
5340
1871
4802
1561
2235
3675
6938
1039
1527
2959
3719
1626
576
3490
2618
1967
5745
2496
2469
3074
1247
1520
1736
4929
2235
8461
3097
3646
1107
4733
1682
3566
2245
1478
2293
3235
2802
1882
3344
5862
3684
645
1744
520
1748
2120
1932
3078
2551
2266
7077
4120
2153
1565
2295
5334
267
1882
2023
2087
2501
1581
2025
1384
1273
2197
1980
1203
3757
2285
2239
1172
1483
2181
2430
1501
1987
974
3852
3835
2050
2703
2956
1776
2067
8392
1591
4184
2376
948
5011
2733
2083
2174
3200
2104
2246
8602
2452
1331
255
2050
1645
1375
3075
4757
4597
4207
1680
2119
4930
945
3685
1686
1537
1358
2121
1466
5178
2981
3040
1705
2587
1405
3469
6277
2946
1954
4910
710
3407
2421
1473
4412
1450
993
5579
3402
2651
1557
1498
5721
1843
480
2360
2558
1852
3161
2253
1545
1671
3411
4602
5041
2400
675
2430
921
2060
3118
3235
2720
1953
3245
3584
768
2060
3368
998
3568
973
7978
3510
1798
2285
4149
3238
5300
1991
1603
2014
2216
3161
1234
3816
1152
2816
222
3667
1360
1931
1429
2918
1572
2853
2532
866
3955
1896
3077
2918
2075
2931
686
2234
749
2477
9749
4154
969
1149
2719
3688
1095
2194
1431
2825
6119
2675
4285
821
2061
3723
1408
4220
2646
1438
3731
1519
1952
3005
1128
1583
5745
1782
1910
1006
2178
5495
2672
2628
972
5305
2699
3563
1989
2160
3076
5225
1020
3403
2062
2609
2565
2084
1925
3193
1632
5369
2380
2669
3470
1836
2711
3164
1747
762
3495
10756
2513
1989
757
4773
6552
1832
820
1720
954
927
4351
3502
1908
1341
2062
6658
3389
6413
1194
5174
1274
759
2664
6080
742
1934
5754
4791
6245
7812
1474
4335
1987
2233
2996
1798
2481
1301
2511
1553
3837
7616
2161
2486
4752
1812
1941
3113
3360
2308
3535
2900
1883
3976
2144
2577
1932
1987
312
5392
5135
4701
2338
2366
1417
779
1946
3057
3691
1348
2376
1164
2833
1468
348
632
2266
2412
999
2013
768
1218
1832
1965
2858
1089
3459
1745
3089
3186
962
2229
3331
4796
936
4522
987
3804
225
3961
2297
687
150
1098
1932
6838
2255
4290
1671
3425
1933
5515
228
2308
7569
566
1518
4000
1027
1281
992
2526
3592
1411
3121
2066
2903
1208
4767
1156
3477
3499
2008
11137
2801
2018
5000
3323
2158
2169
1260
2351
1694
6170
1548
1237
3612
2366
5590
945
2497
4817
3975
4066
1244
2466
408
3296
1176
2922
5679
3104
2331
915
1177
4037
3581
2381
711
3006
2792
716
285
3657
1594
2696
2292
2467
1351
3019
1789
10245
1699
1763
2596
1933
957
2808
4150
1470
1528
1943
4406
2931
1285
1283
1925
339
2773
4362
1899
1906
2496
1039
1826
5194
1600
5139
1252
3140
1102
1362
2685
4316
2159
4262
1463
1548
2947
2763
1325
4593
2152
3397
1171
1202
1307
474
2435
4515
4815
2987
1382
2584
2843
2379
895
2123
2818
5877
4485
3269
4775
1877
2054
1866
3709
625
1724
465
2305
5455
1622
1925
799
405
2724
1122
741
3257
2249
9226
1449
1933
4035
3103
2781
3308
989
939
936
954
969
2338
3237
2210
2720
1695
3100
960
2059
2624
6182
997
1016
213
2391
2436
1154
3238
654
2050
2792
908
3623
2525
1137
2314
3095
762
3561
231
1980
1818
2674
628
9304
3338
1433
1247
2182
2312
727
2698
1918
2949
1520
17677
3963
1210
1668
1553
1389
1525
2864
1404
4235
1983
4169
2874
3650
2606
5021
2653
1716
2394
1935
1672
1822
3631
875
697
1768
3954
4508
1837
3331
3180
3114
710
1532
471
1351
2223
970
2902
800
2224
3142
1254
2896
1807
2311
3849
3718
2042
3004
2128
2381
1446
1925
3247
2999
1785
2262
4432
2417
4878
3420
1659
1908
2527
994
1843
874
1347
2846
1561
1510
1273
1258
1698
4440
3865
2500
795
1729
2593
1903
535
1240
2609
966
2035
3014
956
1549
1377
808
1547
439
1007
948
945
2076
2497
1517
1857
1412
3279
882
598
873
6457
2515
4234
4379
1420
2317
2875
696
2164
1879
854
2226
2920
963
399
2296
534
1209
741
1308
1074
897
1422
399
3484
1629
1735
2545
1329
997
552
5742
6446
2458
9027
1784
6123
1205
4239
2698
3292
2283
2201
907
4001
827
1992
1165
1957
2134
3949
8859
4208
1045
2780
255
3657
1875
1835
4442
2570
1513
2141
2509
3077
2954
5244
3631
1852
3626
1195
1423
690
2367
1313
1014
2865
1839
1191
942
957
3644
1074
2063
4861
2803
2550
411
3627
939
1865
3685
860
5492
1742
2499
2037
2064
2941
2304
2017
437
1720
1111
1330
2940
2016
975
1882
1900
987
2051
2276
407
564
527
6527
2677
3197
1885
1380
1501
2027
785
3922
2382
905
2293
3462
2224
2974
3110
1499
6459
3013
1348
2632
6520
1491
1635
1188
1501
1157
3431
3205
2199
2162
1053
2958
5183
1346
5639
4257
1332
2066
1764
3388
1857
1681
1496
1235
1368
3557
2767
3848
2742
1413
2555
2418
2878
5682
1873
2331
3951
2614
1694
13074
3265
2112
1426
3557
4198
2948
2864
1590
1930
2247
2319
1464
5391
1335
2128
451
1330
255
1644
1996
1045
4530
2822
5490
3328
1113
696
2658
4066
793
3652
697
512
1772
1463
3091
4982
2168
4019
3839
2242
836
3139
153
2628
1372
1954
3071
510
4813
2580
345
2341
5232
8486
1881
402
2529
2057
1802
1160
795
15555
774
2654
2726
1152
1228
3003
302
1549
1948
3519
836
3425
1409
1151
774
9233
1137
5272
1528
2902
983
5657
3512
1418
924
3353
4627
2911
3019
2061
1712
1436
7583
2155
3137
2885
3468
939
1579
4828
1039
2901
2434
818
1898
2709
2167
1968
1512
567
665
2383
2686
2817
3318
243
5645
2052
3627
3908
1730
384
2163
2676
204
1234
9038
3775
305
3733
2290
2005
4191
3011
282
1917
3330
3018
1008
1866
1745
1703
2528
6497
1409
335
1202
1865
6748
2176
1927
1842
3667
5800
330
10113
868
2316
2726
1131
4091
2866
4485
3169
2986
2035
3668
582
1439
2155
4206
2945
3518
222
3974
2546
2008
2450
1370
2966
206
2785
3891
3952
1172
6588
1976
1245
2439
1282
933
2592
942
1547
927
1284
2331
2369
2708
1407
2615
2269
1225
3145
1608
2255
1298
1925
1173
4272
4059
1492
1449
2728
2011
3211
756
4206
763
3267
1256
5595
1535
2327
2063
2091
1502
2020
601
936
6742
411
2148
2251
3336
2659
1425
1395
5105
3431
735
1052
716
4453
2923
1796
3938
1059
4231
1303
1651
6355
4323
6345
3431
448
3648
619
647
933
975
1250
1544
1071
4289
1621
1729
694
1617
3957
2145
303
3156
2159
5558
1613
1634
675
2307
641
813
1185
4612
3019
1443
5516
814
1401
4737
1341
1525
1182
3797
1011
7164
6794
4712
579
959
1816
1866
1832
2030
1703
3447
2023
2598
2426
379
710
1511
2123
465
891
8457
1493
721
1400
1858
2347
690
1816
829
1132
2472
1059
2112
1859
2290
2770
3382
444
2164
390
900
2932
297
1238
1879
1238
2670
1996
3724
1753
847
4646
7472
1964
1530
3106
363
5429
3591
3786
522
1131
2270
1050
2059
2285
3028
4598
2003
4629
501
1952
546
1987
2101
3053
453
1665
1521
1468
5649
3042
2191
2341
3052
6799
4137
123
3414
2737
1476
2370
2309
2811
969
2113
1256
261
2619
653
2447
4856
4642
2893
6771
3079
2999
4379
459
4693
3712
1543
3640
811
3619
1608
1678
4323
2458
3159
2582
2332
1662
1476
2911
6565
2487
1086
1458
2943
5676
4079
5000
2519
2212
822
1298
2437
837
2543
4661
2008
3770
411
2392
1788
204
1273
569
2120
1715
1032
1394
4857
6448
969
2796
927
3595
3732
2518
1160
2995
1922
1334
1353
4344
2166
1168
895
967
1203
971
5027
636
4433
6324
2749
2103
4085
942
2048
1971
742
748
2892
759
1293
4639
6474
3192
1524
147
3606
4089
1947
2986
3275
3267
3108
1755
1982
1885
1765
782
1414
2089
1963
3864
2798
2121
6722
1368
3562
2283
907
7446
1226
1065
2082
2314
2830
2915
1985
584
2363
2458
2377
1696
500
3029
1864
4475
1406
3565
2273
4103
2347
1857
1394
4107
2066
1828
2130
3347
4423
8000
447
1755
942
3385
1988
2024
2654
1879
3112
8036
803
3924
2528
2629
2075
1067
2315
1855
2659
2860
2634
915
2081
948
1585
585
2575
2532
2309
3464
3713
2079
1796
3600
2312
2956
13302
2510
2150
948
3039
549
954
3157
543
2541
5388
828
516
1626
2382
180
7026
2263
3163
1128
2310
429
1928
3606
1026
2164
1181
1707
575
1599
7840
4933
3236
3312
698
564
998
1345
1562
1298
4066
353
1892
4642
1125
2680
939
11341
975
1248
16235
942
708
348
5752
2493
664
4980
1254
933
2269
1037
1144
4672
3008
4048
1126
2589
1927
606
2777
1812
465
957
1260
3602
2329
1641
3055
1900
1900
1316
1507
927
1960
3216
1036
2050
1528
4863
2072
3412
1432
782
1831
4687
1876
3511
3778
1357
1103
2921
1492
2459
3824
2013
2682
5519
951
1655
452
1977
912
2553
4423
4569
1606
615
2314
2935
1928
3182
1196
936
2763
2340
944
724
742
1125
2625
3653
834
1208
4683
775
1815
1057
573
1736
2580
3196
2337
5122
3111
1089
5163
2549
4023
3862
3473
2577
1798
1654
793
1716
5901
3663
1463
5234
2091
2837
4746
3355
5019
2716
3115
501
1714
514
2287
478
2615
255
604
1225
1315
1780
1735
417
2481
1109
5239
1611
1909
2500
3669
1255
7026
936
2038
5514
8005
4413
3124
1379
732
975
1281
954
3885
2762
732
1932
3326
5227
930
1833
924
6494
2163
939
3786
1129
3414
586
2000
2647
2677
747
2865
2557
1655
3623
930
1082
1918
3312
1776
2101
2284
399
6111
2474
3299
468
5219
2587
2836
3940
1080
1433
4784
3072
1829
10912
671
4071
2116
1903
1606
444
1702
4656
868
1569
1927
336
6648
1934
888
4193
3768
1810
5865
495
1117
1546
2681
2514
2346
1373
906
2634
2508
4310
6030
1406
2833
1156
6773
1440
1560
4443
2586
2534
3100
2237
1257
2802
309
2247
1290
1061
3375
1947
2470
2524
564
418
1955
1800
2335
719
3979
1853
2467
3121
2128
414
2322
871
5200
216
1738
1068
1957
3455
951
5633
948
951
2476
1310
2445
1008
799
1956
1937
1152
654
7993
1664
5328
900
1632
1106
2345
3862
2541
2109
1002
1976
1775
773
1418
5807
348
4401
2430
2109
1889
4030
5880
885
3479
4646
795
3364
1766
705
1167
5506
1454
1737
1453
2902
930
930
932
933
345
925
2522
2979
3059
744
1306
1110
5029
1354
956
933
3174
930
2343
912
2936
2334
962
1953
1837
1713
1193
1066
2788
2571
2440
1356
1356
573
5571
2014
877
600
3270
2004
2182
444
2363
930
6259
795
1344
705
912
3372
2168
948
1680
975
2057
705
833
1013
2349
795
1305
2415
3135
6162
3833
2363
1651
1821
945
930
910
2249
3343
945
6435
4291
954
1462
2506
7226
930
2431
715
1542
552
2587
759
2978
825
402
1978
939
1863
933
523
3042
951
1148
2520
1476
4574
1345
2186
1599
951
969
9383
2077
1450
5065
936
1919
2092
1470
1647
7892
1401
1294
3076
453
1887
1642
4600
4954
2356
547
1104
1742
2490
1645
1044
2100
1812
954
1357
2420
1969
4964
2153
4623
923
2407
3279
2055
2001
1041
411
2296
4730
1185
660
4896
1754
684
1885
3543
3158
2318
2690
1546
951
2591
2447
1734
702
4229
4266
945
2150
918
921
2006
4868
2047
1881
1613
1729
1455
204
2411
362
2232
2991
2900
2076
3888
2788
3936
3830
3910
300
2413
11072
1644
588
585
2183
2124
2428
441
2581
732
4456
258
10756
887
2286
2222
2152
2663
1044
4519
2527
5760
5059
3335
321
455
1613
510
2065
708
2063
1074
1779
2036
3351
2873
4026
1668
3415
141
1165
2163
4847
2874
1365
2694
1868
3730
213
60
1125
3705
1535
771
1945
3628
2646
579
3368
6210
2307
2017
2653
3436
2218
1096
5733
711
9597
1631
3842
342
7025
1513
1956
1918
774
3943
2288
4256
3223
2078
2346
1847
321
2541
4514
10292
437
1125
2000
561
1260
2457
3655
534
3359
1688
729
3828
730
9593
4034
7368
3807
2421
942
444
330
1187
1080
4654
612
723
3570
3630
1588
1470
563
2809
432
942
3868
1073
992
2767
1045
694
2458
957
5492
2826
1823
1437
1360
2209
2192
465
703
118
4703
4722
270
2787
833
1704
647
751
5740
3502
5053
810
1386
1117
602
8288
954
3530
2218
348
1383
1523
6958
1695
7896
3231
2990
2041
3240
384
3132
7764
1002
1540
2544
3126
408
1307
7839
4110
1757
2482
2860
1365
306
2430
2648
800
3261
2408
1485
177
459
524
2790
384
4422
933
2799
354
3227
5786
579
2861
5005
6984
3586
1524
3258
213
569
4878
5093
387
1255
647
2257
483
4241
291
5217
348
3488
4088
2823
1305
880
9325
1823
3402
2440
3100
2410
3226
4435
1051
390
986
1151
2445
1335
3350
1739
237
8085
3513
1685
492
1779
553
1599
2885
876
1793
1662
5328
1600
2133
159
2005
2317
2372
210
2741
2780
1891
531
652
2136
2115
1052
2464
1358
5765
3714
1613
3101
701
6359
3387
1566
2538
483
2009
3052
336
4202
1695
4744
1071
1916
2056
603
3462
2849
2391
1318
2508
1197
5742
4905
907
1317
1158
2900
1610
3193
1609
2549
3564
2696
447
2444
3197
7259
6573
711
3615
3266
822
789
216
1212
1431
5877
2775
2174
9989
1513
1407
1803
1281
2816
936
1892
3040
1947
3337
2651
450
3623
3226
4236
2306
405
210
1415
2585
4096
1213
1344
3057
2753
4136
3148
1864
599
663
2015
1580
2237
3996
1809
2584
3585
6588
483
195
3103
3253
2658
4616
609
3329
2655
833
2223
768
483
830
2997
1309
2040
883
645
2414
3302
4696
3466
972
1110
1119
4371
2189
1757
1091
1879
2550
4046
4401
660
939
2514
3586
906
803
1651
2008
4504
3426
6522
1029
462
1712
2331
2545
4330
3446
1404
770
2593
615
1113
2591
2400
770
2673
1852
3547
5669
7382
2274
2065
2032
3122
4644
3883
1918
2048
1071
1330
1788
2679
799
1626
2488
1481
1904
918
2444
900
1804
2268
1543
924
3155
1757
975
1711
2415
4409
1777
1302
1457
3374
3601
939
411
1243
906
945
936
4855
1084
543
2934
1900
915
300
3775
3536
2289
2786
8228
1200
808
3579
4475
8174
2215
5132
2155
300
4284
669
2408
2386
2574
2444
737
1120
4488
1034
1545
3860
1427
933
2962
747
1314
1062
3446
6535
627
3679
901
1990
1384
909
2491
1114
1849
852
2441
1153
6625
3342
3161