2069
1303
1067
2849
3378
2391
3926
2365
3717
2974
2663
5286
2436
4311
3515
6128
4030
3036
4997
2850
2280
1127
2100
1228
2429
2407
3113
6191
2437
3845
2402
1051
2454
3972
4528
2133
2073
6467
3993
2200
1421
2193
3097
1627
2151
1037
6861
2587
7092
2146
1493
2227
3058
3691
3546
2833
5500
1457
3859
665
3572
2033
2891
2906
2184
3135
2700
3277
3636
3518
2277
3016
1368
5341
3968
1225
2183
2295
741
4055
2315
5663
3432
2255
2132
2718
2243
3397
3026
627
3660
3524
8675
7659
3311
2393
5185
1861
3173
4019
7139
1789
4153
5482
2252
14733
3490
4630
2289
4559
2996
2649
2574
3343
1475
3121
1938
1792
3656
1539
1570
1281
4409
4977
769
775
5098
2696
3486
5708
1082
3277
3278
2647
7648
1001
1685
5461
2792
2514
3707
2251
2778
2162
2148
4705
702
3997
3231
1163
3907
1438
2022
1082
2995
3415
2127
4893
513
4234
2966
2601
1852
2815
5904
4018
2129
2234
1165
4917
3791
944
804
5580
4203
13816
7047
2288
8211
794
2133
2291
1269
7805
4474
2565
2513
2049
2951
2082
5491
4530
1204
2921
7497
2478
2048
2869
3833
3205
2069
3064
1881
5192
884
3039
5756
3368
2612
1057
2514
3646
2002
2040
6340
4505
3438
2155
3153
4658
11956
3233
2881
811
1497
971
2982
697
1827
2897
3554
1111
14138
3358
3676
5077
5451
4614
521
4076
5174
10917
8292
2260
2443
7513
2375
3302
4872
3242
3278
6075
3265
2324
3426
3333
1826
2280
1617
1625
1231
1744
5547
3568
2024
2275
4700
5173
7909
1621
2185
5742
965
3585
3000
1558
2731
2716
3278
2650
9086
2151
2675
1622
5567
5641
1031
3738
1988
4173
2158
2059
792
1427
6314
2120
2547
1869
2965
2784
3241
1423
4531
4210
8217
1745
4768
5684
4519
2287
1457
2060
5446
4183
1856
559
1812
1886
7366
1255
3254
2916
1759
2039
2611
6189
2138
2970
2493
5482
2957
3482
4394
3583
1433
4242
2909
2153
1550
2834
3103
2028
1278
1806
1593
4219
4056
3111
2650
4235
1180
2173
4599
3249
2780
4188
2478
3253
3004
3083
1268
3226
2736
4065
5283
2153
3184
1805
1734
2491
4749
4080
3567
7164
1312
4793
2432
2145
3682
3312
3204
1621
4738
5204
7235
2654
2975
4353
4258
3393
2615
1996
2074
1854
1959
5427
2880
2297
1181
5695
1831
3274
1715
5144
2088
899
2704
2577
3673
5647
2027
3255
1370
2446
3812
4853
2003
1290
2167
1760
5212
1243
4703
3875
5956
5743
1996
2691
1607
3670
3534
6874
3784
2551
2166
6205
2037
3632
6644
4790
2407
5228
9919
1128
2563
1698
1842
4862
1692
2290
1593
1605
5268
3494
3285
1505
4041
2445
3134
1512
2731
1605
2004
2048
3849
3965
1923
5747
2688
2445
5720
2188
1815
2656
3404
2400
3580
4147
2091
1655
1605
1885
3674
3940
2040
2849
1963
1319
1930
5538
3018
8292
1033
1264
2778
1636
3959
2113
2666
2490
2148
5463
6320
2099
1728
1895
3187
4818
1676
4426
4713
3617
2131
2862
3546
3970
5000
4178
5367
6053
4121
2278
7780
3623
3890
2336
2038
466
2662
4339
1963
1001
2081
2741
1787
5482
2469
2602
3545
2756
1506
1075
4883
2065
6788
4956
1931
2177
4322
2769
2902
4813
1772
708
4767
3217
2975
2884
2174
1743
2266
2041
2935
3483
6686
2079
6654
4726
10226
11185
6786
3682
4813
3940
13971
6280
4103
3658
4901
3265
1715
1908
7884
2526
4038
2638
2612
1917
1212
3261
3375
1382
1167
2946
3278
2336
7544
2028
1060
2690
2273
3240
453
1983
3412
3001
1566
777
18883
1177
8451
3060
1454
3147
6463
2681
2421
2129
1723
4185
597
5470
3496
4556
4248
5807
3906
3488
1674
3593
3216
1993
5382
4582
6284
2402
2152
3799
4368
7360
7221
3322
6618
1931
5084
3711
3809
2829
6632
4241
3653
4471
4565
7368
4631
4650
2506
823
4790
4929
4219
994
5501
3450
2110
1867
5312
14599
2384
4949
4640
2831
1411
2010
2842
2649
2204
6278
652
1883
2926
2372
6133
2344
2274
1692
8224
2161
4878
1869
2677
1899
2161
10624
2113
2636
5540
2846
1825
3647
2109
4097
7410
2468
2393
1928
2701
3216
3413
1865
1979
2255
9094
4580
1625
679
1561
1282
3609
6487
1612
3847
4395
7931
4570
1741
2300
3476
5653
4719
2635
2329
1357
1185
1300
843
4772
2748
10503
3068
2671
3245
1260
3609
906
2100
6902
6033
2523
2148
3630
3594
10507
1662
2169
21842
6512
7214
1827
3025
1719
1793
3502
3989
1963
1662
3894
3208
2789
4274
1215
1844
2806
5885
14977
2795
3982
6109
2151
3260
2910
1182
4714
3495
4628
1916
4894
3668
6323
5825
2601
2357
2908
2044
4943
3262
6093
1706
3392
4426
3266
2475
2273
5165
3218
4710
1613
5332
2717
7030
5175
4953
3635
4628
4088
2432
6274
4800
9038
5009
1832
1803
2517
3760
5110
2276
1948
3411
3262
5130
2013
1001
4041
2244
3225
4183
3744
1912
2751
7149
408
3858
2420
2068
2586
2362
5608
1595
3825
6355
4719
962
1799
8174
4189
1830
2618
1597
1452
4982
1864
1939
3245
4551
6067
3670
2012
3304
2420
3652
3025
3119
656
3680
6301
2509
6468
3443
4292
3837
2694
5697
2962
640
1645
1122
3034
2621
3500
2480
618
1915
2801
3686
2188
1477
2940
2893
5319
2653
2709
2595
935
1376
1403
2184
2534
3600
3395
4194
4743
3984
3669
2866
1438
1783
2546
3045
3784
6859
2021
2735
2454
6704
4958
3446
3166
2072
2816
1340
1418
4877
3032
2400
2970
1533
6346
4728
2653
1616
1067
4706
3138
5965
2017
3858
3254
1523
7053
1990
1728
4514
2770
4975
2026
3686
2000
2727
1679
3461
1393
12227
7834
2122
3770
2475
4335
5990
2208
5610
1493
2038
3344
2561
1322
3785
2105
5688
5237
2153
2200
5481
1504
4487
3127
2865
6057
3881
7327
3329
4417
2350
1687
2584
3146
10434
3274
1482
1373
858
2246
3346
5040
1911
2891
4576
2847
1930
3942
2083
4117
2283
6627
4055
6948
2748
4608
2635
3921
2558
8120
4410
2644
2134
2796
1591
1744
5251
2789
4202
2203
3690
2382
2041
2671
4469
2374
1506
6270
4371
1339
1919
4200
477
2318
4556
3542
4703
8846
1473
1457
3764
6574
4065
3131
1526
4054
8448
1961
4075
1163
3925
2106
2980
5240
2740
3393
2360
5333
3072
1651
3238
2051
3286
3851
7613
6150
1419
4739
1739
5810
3663
4379
3359
2425
6605
4292
2531
2410
2737
3447
650
630
2362
2589
7714
5463
9564
2562
4170
1791
3228
1975
1861
4273
4650
734
2212
1147
2554
1053
2021
1360
3859
4235
995
4235
1853
7008
1880
4188
2677
2814
1798
1158
5288
3744
514
5521
5903
1263
2251
4082
7078
2893
627
4278
2886
5979
7590
5481
520
2490
4473
1634
1749
2472
2018
5100
1259
2516
1885
4916
3610
2204
2285
3542
4362
1888
2485
3484
3064
1289
1651
4094
1630
4803
4816
2182
6705
4983
3131
3045
6891
3914
2285
3963
2115
442
4141
1159
3055
3946
2204
5726
1733
1229
7853
2349
924
4408
3062
2185
2559
264
5317
1317
1705
4466
6048
4234
3185
1311
3635
2475
2671
5641
1019
3436
9669
2547
4814
2792
2155
2751
6729
3740
3670
5012
4172
5840
1327
5858
2651
5356
4453
1839
9725
956
2947
2986
3166
5617
2196
1541
3968
2170
2273
4400
4575
2494
2910
6430
1127
4575
1943
3485
1623
2282
3196
2068
2087
2555
2338
3432
3897
2932
2314
4896
4280
3385
3975
4557
2557
2280
3082
1335
1624
6435
3166
6743
3226
4776
2863
2152
4465
3595
3544
4403
2572
1952
10706
3640
3932
4090
8076
1002
8070
1366
4121
2159
2033
3990
1449
1532
4528
4857
3974
1890
2656
3465
1582
6821
4525
4718
6181
3442
2757
3214
6685
11455
2044
1812
4491
1016
4150
2091
4487
2563
4738
7543
1878
2464
1087
2007
5850
1203
2520
2889
5173
2560
1512
4258
11389
2068
6496
1515
1310
3938
1220
5043
1329
6998
3458
1911
6889
5095
891
3397
7039
6120
2656
1804
2724
5551
3573
4786
510
3210
2232
2884
4854
3776
1689
1544
4275
1013
3018
2783
3743
1117
1974
1704
5871
5224
2524
2064
2251
3462
2376
2093
6263
4024
3902
744
7580
2006
3767
3362
1770
3256
3580
3714
2659
3889
3270
2663
3231
1867
1124
6294
5967
1513
3129
5204
3575
3004
897
11102
4430
7072
3443
4323
2516
3568
9406
1602
2593
1116
2611
2413
2552
3825
1636
2384
3430
4181
2145
1997
3160
3576
3158
1794
4070
1498
4529
3857
2947
3261
928
6619
1901
3272
2470
2529
3296
2778
8028
3445
2205
3065
6605
1361
2930
7235
6551
4149
2820
3761
3127
2036
1314
3842
2013
1643
1016
1789
1637
3819
1384
6671
5318
6920
3158
6480
2318
4124
2078
6278
2371
1897
2309
3603
1398
1933
3463
3697
2100
1337
3770
3936
3305
1113
3247
2575
7241
4577
2978
4245
3604
3479
4969
1726
5473
3813
2029
1003
7350
1997
2096
1442
3451
2470
1587
2706
3614
4316
5079
2950
1607
3671
2775
2291
3415
2283
2461
4776
999
1860
3275
7419
2627
3704
7588
5774
1714
2757
2294
1651
6174
10804
2175
1723
2998
2515
2618
3046
2693
2005
2704
3510
4270
4888
5319
1262
5276
2102
4149
3794
5547
1116
2032
5750
3345
3050
2828
4156
2239
3230
1978
4095
5027
6172
2742
3052
1686
4960
5154
14384
2000
2550
1267
3311
5964
3038
3796
4631
3621
6115
5503
599
5113
3756
4040
2321
2122
2642
2447
2174
3338
5000
2919
2660
3314
2364
5900
8728
4446
6328
5672
2085
2006
4105
717
5376
1602
4769
4725
2356
3371
6809
4808
870
2933
5067
4013
7899
873
3692
7850
4999
5807
4778
3037
3004
2191
3857
7304
3103
3008
2107
3445
7437
3369
2144
1533
5371
2361
3000
2417
2508
2211
2170
2210
6530
729
14770
3245
2541
2574
1300
3103
3367
3415
3663
3139
4022
740
3721
2621
3838
2672
1416
2493
5465
4853
14121
4708
3225
5162
5378
3534
2186
2927
1869
7108
7661
1463
6552
10332
1195
1277
3131
5731
4549
2849
4540
3450
4236
4602
2233
3395
5448
1308
4044
4872
3207
1398
4737
3700
3236
1927
2184
4524
2623
4257
3156
801
4070
3312
3520
2726
3096
5734
2242
4076
1404
4602
5129
1512
4357
2632
4388
2305
2590
2576
2597
1143
651
3383
2231
13050
2297
2034
2964
1674
1427
2045
2882
1996
10206
2882
1965
3442
2385
2423
4681
2349
1062
1658
2911
870
3003
657
4042
2523
3636
2103
3516
2156
1319
2501
1790
3069
581
1914
2222
4548
7333
2889
4738
2064
4552
1080
5045
2368
2693
3868
3088
3295
1872
2396
4958
2863
2339
2849
1303
510
4002
4519
1343
1447
1983
4257
2268
3943
3765
2993
1475
4077
1885
4335
1655
3770
2918
1374
6664
3105
7592
2494
1848
6060
2654
1614
1710
2738
5149
1155
503
4927
8635
2184
7884
1560
3644
3093
4015
3626
2788
2374
3929
5247
2217
3425
2130
640
1064
2152
929
1693
2527
3135
3216
3855
2449
6944
3011
1430
3430
4095
4079
2084
2306
1343
8600
1264
4112
1173
4182
5260
2945
2454
1488
3825
2036
961
8646
1822
1859
1631
3835
4282
2467
1389
4854
1033
1058
3920
3924
3479
1659
1689
1990
1509
3869
2947
2094
2547
3369
2589
3070
1449
2472
5028
731
4517
2780
4507
1604
2712
1328
994
653
656
3511
1327
2188
2998
3160
2334
1516
6009
2436
2072
2850
1797
1624
2397
3502
1805
3521
1035
4249
1212
4402
6938
2999
4267
1774
2280
4070
3335
7999
3344
3910
4326
6604
16382
4706
2340
1313
6799
3351
3728
1017
7239
2766
3581
3484
5854
6225
5828
4923
2862
2320
7056
1930
2368
4535
3828
5575
4258
7176
886
1790
4382
2318
3306
11868
1409
1171
4434
3097
888
1627
10748
3919
1379
1931
6455
1636
2227
1536
2125
4521
784
1003
1828
7296
1621
4380
6047
1201
4214
1547
2344
4798
2156
5533
5668
4501
3858
4677
4174
1285
342
2701
2095
3043
1569
6848
7243
3949
2529
4477
2307
3492
1911
2511
3067
702
7478
1526
4447
4039
4354
2506
4548
1774
3176
2038
1909
1290
3927
3047
1712
2282
2412
1608
3694
1879
4135
1068
3318
1593
2837
2184
3132
1798
839
3395
5793
3145
4686
1325
2526
1887
4037
5232
2076
3384
5093
5633
2777
3153
1377
3866
4022
5124
2967
3103
2546
4655
7036
1569
1808
6753
2245
4510
5926
2889
1523
2354
5581
3063
2513
1374
855
513
9014
1036
1226
2091
3869
4744
6019
1060
976
1354
994
2182
1266
2375
540
2793
3797
894
4086
1895
651
1558
932
2571
572
5673
8834
1964
4113
3078
722
9588
4088
2292
1995
3500
2747
5440
1872
1564
3172
2989
3286
5362
1356
7582
5182
2797
5502
1515
1926
2549
1695
1922
3311
5886
2920
1128
7464
2648
3500
1507
3510
1699
2200
6453
856
309
1608
633
642
1326
995
2407
4754
802
834
827
2084
2681
1661
541
1162
1956
1444
4919
2871
6273
1254
3795
3406
2960
2134
1530
1363
2823
1608
2056
1748
4293
4017
2717
884
3440
3508
3349
2219
2869
5172
4216
2260
5637
1714
3554
927
2238
562
4453
6050
291
663
1862
7222
1962
3183
2917
2478
1044
2817
1236
2082
6202
3858
2005
4282
1385
2705
2749
2627
2435
5151
2553
3106
853
3200
1697
713
2040
3931
3561
1561
3628
2697
556
3139
4013
2361
2005
6300
539
4539
2398
2821
1279
3812
5285
3565
1545
636
1132
968
2065
2441
1475
5411
2675
570
2861
1273
5292
2065
5882
1874
929
4588
2450
2791
2028
1705
1622
4761
2269
7279
891
1089
1125
1095
1251
1819
2018
3168
2147
3537
3435
3822
5485
3989
6124
3972
1892
1480
1070
1437
2658
3252
2725
1738
3249
1657
1489
4175
4078
2321
3750
4919
949
1550
1367
4685
2533
1029
2022
848
2972
3346
3951
3376
1374
2978
1929
915
1914
4425
3235
2778
5963
5695
1467
2536
3010
2805
7274
9892
1715
1336
3918
1547
2154
5169
1735
4214
1068
424
2775
1396
2996
2261
1050
3456
1854
3192
4038
535
8765
3659
2523
4222
5916
1047
2741
4315
1648
1266
903
4444
4570
5218
3629
2684
2695
342
2509
3297
1378
1272
924
902
923
2485
2379
2534
1566
1687
1827
3999
2982
10253
2828
5276
1566
3924
3542
889
1376
1316
1668
2506
1488
1393
2439
925
1274
789
1424
5102
3545
2025
1363
4256
3175
7232
3845
1945
1944
2119
1994
3197
1322
2373
2283
5548
2742
1827
793
3938
5388
2815
1579
5788
1659
3323
10276
1427
3135
1310
4124
3306
7690
1088
2165
1661
1586
5733
3870
4425
2346
1053
2592
4935
1593
6453
1547
4495
2970
3117
4871
2346
1247
2147
2607
7435
2180
5677
4268
1011
1553
837
1369
1277
2229
2354
2108
3843
1949
2598
2270
4896
1746
2692
1899
2335
1930
3162
4131
1835
1449
3249
4928
1162
2446
4652
2119
1676
2713
762
3239
2964
2720
2491
1082
3026
5136
1091
6326
3452
4713
1208
1830
1803
1879
1634
2409
4037
2255
1482
3073
3496
2525
1386
4795
1069
2776
4131
1634
2455
4183
4425
2586
1355
1425
3274
618
7918
3773
1843
2507
4559
2495
1890
3735
3249
2368
1672
2965
2235
2344
2489
5426
2834
2597
531
1921
2704
2704
1155
2011
5354
2781
2365
2797
5150
669
1746
2556
2593
5525
1187
2085
4028
2041
344
5216
2701
4778
6098
3344
1933
1174
1527
2545
5927
726
2113
2340
512
3757
2506
4214
1726
1634
1820
953
2574
775
584
759
2223
683
2137
6251
2425
2434
3305
1288
967
2437
1832
679
1157
2220
2208
6030
2855
5385
1402
2948
6518
3649
6227
5008
5846
1223
2868
2593
7770
6203
3086
4134
9151
1897
9036
2613
2470
7360
3232
3498
1978
528
282
9633
3127
1544
2495
6521
5874
1695
1875
5437
3504
1279
755
2692
3714
3868
922
2052
2467
4193
2358
1300
2467
2124
2724
1494
1850
3219
8413
3696
6115
3658
2802
3664
2264
6028
2429
921
2603
1699
3109
882
1470
4165
3165
2638
1650
1263
6870
1948
609
4720
462
1095
1619
1233
4288
2054
4200
1451
1144
2777
972
1211
1905
837
2318
1497
3881
1687
3073
2313
3604
7733
1951
1671
3803
4931
3156
3290
1561
1413
2755
1212
1800
891
5761
3151
4977
4273
1070
2178
4684
2231
1876
2204
2123
3631
1782
2306
3498
2340
1193
596
1350
3395
1229
2997
5346
905
3009
2636
1204
6268
1239
3346
2011
3555
2345
1415
3460
4828
5304
1417
1624
5468
2934
1293
1463
4455
5783
956
5688
4248
1668
3676
1428
1970
2343
4814
4064
2826
2437
6426
2784
1460
1547
1619
1786
1305
2480
189
4189
1657
882
2681
2166
2226
14219
4342
7104
1512
2100
1494
4817
2894
2052
285
3779
2034
1776
1239
1822
4435
2253
1785
5241
1798
1013
3266
1660
2054
2773
3104
4220
4816
2953
5262
4039
3415
2720
4021
1354
2419
3129
3310
718
3355
1000
3200
2193
1107
1604
3488
3840
2180
1354
6453
1839
3313
4555
5543
3005
1006
1582
6319
4226
2600
2514
2229
2276
4308
1157
857
4556
1090
3583
1470
1559
1213
1695
2266
3499
1396
3584
4742
6371
2582
2252
5126
5399
1694
3110
551
5143
1308
2846
4059
1646
2684
3444
2514
4669
2851
321
4868
1545
4178
868
4557
1647
1385
2350
1829
1518
4226
3361
1912
3202
5125
3550
3020
4279
1154
4614
2949
2753
3617
1946
3279
2443
15136
2026
1733
2576
3086
3701
6166
6485
2393
1467
1398
3316
3290
1447
7080
5897
1980
2882
2875
10468
4344
5677
3136
1208
2204
4305
2742
6927
4585
9610
3309
1000
1714
7752
1167
3894
1234
1679
3940
4543
4144
1495
4360
3817
1984
4339
1793
7100
1551
3910
2460
2521
4326
4621
5184
1892
1251
2531
2423
4462
2758
4037
3241
2255
3916
2654
4051
818
2681
1081
2272
1148
1500
1238
3742
2796
3752
1238
2074
772
2637
10017
3861
396
3667
3289
723
9388
1751
2050
2615
2205
1588
2956
2862
2453
2118
4609
1543
7403
2683
1030
1561
2262
1708
1430
1723
1799
3238
1520
1629
5592
1886
3533
2636
3335
1374
2362
2505
660
3450
582
2240
1747
2242
1073
3556
2499
732
1196
2098
2205
523
881
2286
2052
4372
3221
2469
2270
2234
754
390
2340
1446
1192
1556
5733
1062
2355
5250
1215
2949
1142
1820
1289
1618
2008
1029
1489
1142
2166
1121
478
1560
1920
1888
2455
2218
5658
1976
1665
1580
1789
1857
2315
684
2784
2386
2445
1513
573
1829
1434
3258
1698
982
1927
1448
3297
2651
3324
1803
1860
3285
3525
1809
3599
2296
2312
3254
777
3055
1321
1107
1946
2273
558
4449
605
2572
601
1114
2534
550
3384
1783
2075
2885
2114
5502
3054
2751
1164
1419
2577
1475
1760
913
654
3370
4635
2842
2970
3117
2375
2442
2015
3872
4740
1838
2555
5438
1692
1191
2221
6783
1456
2937
1108
970
1237
847
1505
826
3001
834
4277
2109
2275
1380
3888
1779
1671
1842
751
3545
1918
6501
515
1425
7998
1557
1531
2414
4298
1002
1405
2438
2996
3083
2815
3787
2464
1796
1250
2087
1878
1459
1029
1247
2680
1926
3301
1320
1308
1577
2762
3056
2587
4869
2562
1564
1821
2082
1612
1955
4833
880
2126
1069
4025
618
2490
1683
2497
3881
1032
1466
3740
1828
4006
6723
8463
2451
1214
1134
1820
1045
3558
2294
854
1439
363
2425
1562
427
1709
2276
1416
1760
2673
2363
2962
1505
1459
2665
2186
2449
3597
3526
6234
2179
962
2176
2268
2136
2243
3004
2136
5576
11591
1769
1754
2206
1498
2780
3892
5352
1075
1564
3793
2828
2243
2985
3182
13694
1900
1414
3738
1189
1540
2097
2218
3120
7169
2113
4181
1181
2297
2699
1153
3112
2088
2704
6675
2259
4848
2310
2514
981
1773
3396
2355
1332
863
2878
5579
1075
3943
2562
629
2485
5271
1601
1976
2886
2017
2854
5293
1467
5290
2245
2834
2090
4407
2742
2112
2723
3433
2754
1613
1082
4126
813
360
847
2706
1362
1031
5413
2206
5520
3052
1491
699
7909
2737
4414
1446
1923
1219
2880
1880
1182
2010
1510
2197
1749
2808
3591
2877
2189
2227
2867
938
1405
1776
2825
1593
2896
2129
734
1179
3003
681
4228
2967
6118
2685
3569
3336
2818
2464
2263
2519
633
2115
1869
695
865
1676
5493
1605
1439
2252
5034
951
1462
890
1082
1072
4360
945
2111
2071
3094
4080
1568
595
2749
1667
2765
2272
1786
5554
2556
3332
1741
3517
2410
7350
3733
5232
4480
1793
2759
2485
6186
4454
2422
2308
561
5462
2960
2462
3165
4749
3321
1241
2992
1394
5371
1979
3209
3130
753
1709
889
967
932
3777
5119
4232
7230
6891
3789
4308
2507
5109
1609
3049
2807
1919
6298
6546
2401
4351
640
2654
4166
2092
6173
1491
3778
8560
2485
2019
8151
1992
1896
3060
1220
2424
2923
1447
4110
1970
3067
6128
3717
1577
2491
6399
6059
1932
3555
5275
3051
11334
7396
4290
2674
2537
2697
4588
2212
1366
3750
4561
3933
11070
4689
5305
2384
3123
7388
1599
2395
1330
2975
993
3602
2739
3089
2637
2482
1104
868
6156
1388
6376
7107
5840
2344
1116
4898
5360
2285
1621
2262
2463
4579
1176
2338
2572
3995
5266
3454
1418
3096
1505
3270
1320
7264
6843
2430
2745
4078
3878
1936
5704
2904
3652
1003
4205
7035
1211
2192
2449
2543
2287
3362
1995
2147
788
5058
3725
2280
2146
1493
920
4869
753
2176
698
2430
1820
4699
1684
2147
4096
3356
2372
1489
3778
1489
1417
1280
1736
5785
1383
4326
2860
3656
2010
2472
4201
2164
2397
1513
2348
2279
2900
168
2594
2155
3703
1123
1361
3314
6107
4848
7383
1661
1494
1357
807
1706
1490
1742
2463
7662
2358
1163
2756
2417
8025
2582
3266
1196
1888
3046
2914
1950
2701
1035
1676
902
2065
2316
1615
3306
1580
2258
3440
804
743
1260
542
2608
2808
1708
2613
3105
1654
2780
645
4982
2586
5275
2109
4631
1680
2442
5920
1396
1788
702
2696
2909
684
2335
5041
5270
3397
411
4480
2918
4099
1262
3784
4008
2659
3648
3215
2267
1781
408
2700
998
2214
2870
1375
2832
1174
5925
1989
6011
1873
4676
2022
3569
832
2114
3525
1828
2697
1647
1586
5873
1359
2996
3029
2684
11127
2738
5842
1412
1619
2468
4205
3820
1774
887
576
1118
321
809
2443
1404
744
4086
1239
3296
2578
3081
3218
412
1048
5286
1846
3715
3334
3106
1035
2127
851
3640
1421
1504
958
1042
3953
2326
4280
2995
1984
4357
2235
3616
1866
3572
2273
1924
2186
8140
5179
5156
2165
5309
1757
2594
1411
6570
2038
3204
5157
1559
2857
3410
1814
4661
2351
6317
1752
714
1418
6119
2090
2491
1957
1777
2476
4151
6468
2064
2413
2910
3652
2260
1349
3534
1285
2884
2394
1828
5642
6299
3457
5083
2313
1832
1479
4562
1957
4794
6591
1535
1530
1741
4594
4288
1892
2154
2080
2120
1609
3033
2445
1331
366
844
2761
7517
1866
1469
533
5495
4084
3913
3795
3649
2503
3736
6120
1777
4186
915
3081
1726
3654
5064
2408
2387
11696
1737
2113
3116
2167
502
959
5113
6016
1769
3690
2431
1541
1281
2909
430
2733
791
3579
1606
4197
529
1212
6743
779
2680
2715
6655
4880
2967
2769
3133
8643
2342
2890
6076
3602
1674
4186
2029
1484
1221
3811
3911
1573
4397
3916
4105
6349
1892
4469
5601
2220
1045
1839
2356
3286
696
2352
2451
1288
1427
1226
1487
3033
5009
3600
2026
1910
2060
2153
3571
2222
2579
3237
2155
3623
561
2589
1316
883
1458
3112
744
806
2157
6841
5405
3019
2314
1488
3566
3748
2951
2398
2403
1038
5780
2237
3475
2131
1888
1611
6715
468
2954
1102
661
3124
1242
1792
918
3849
3323
1131
2321
2775
3909
3281
2101
3327
2884
1897
4704
5352
516
1213
3284
2920
3116
1757
4376
3418
3329
661
1310
2619
6481
1886
4622
1822
1696
1923
1118
1567
3159
1233
5614
1185
2423
4346
542
2178
2297
7015
2629
891
1846
4406
2976
2903
1303
2400
1741
2583
2102
1283
4676
594
2894
4459
548
2075
3607
3389
1162
2205
2295
1447
11525
2938
2122
2846
4008
968
2643
3830
975
1491
4671
4936
3142
1567
507
2440
4056
4415
4119
1621
3199
918
1325
3367
5520
5334
1660
6860
7709
4189
760
1128
720
384
880
1330
3140
2738
864
2585
2062
2531
3725
2145
2555
2097
3205
6744
3403
3756
1886
5012
3569
2033
760
465
1358
2020
1026
970
6425
1859
808
2427
5545
1632
8910
6234
3457
2433
17400
3062
1920
2168
9113
2394
3025
3081
5087
1753
3009
489
2124
1891
2332
2777
2076
2982
4745
4378
3995
7297
756
5563
3285
5248
2637
3489
5170
7050
3099
2003
735
3187
498
2395
6031
1215
3077
804
3205
1536
2261
7142
3257
1448
5597
3061
1951
8658
2576
5620
6803
1911
3457
1900
942
966
966
951
2874
2355
989
1724
2979
5305
594
3581
2116
1676
2509
2239
828
4693
891
6953
1814
4401
1565
2353
3085
2050
1988
3238
1845
2269
2971
6347
2949
1195
4249
4200
7695
1347
644
1521
4444
392
4388
1671
4643
3268
3583
411
6681
2966
2283
2512
2884
6454
5590
2759
4316
933
3779
876
2709
2897
1824
6366
2744
2489
3487
2356
4104
3225
2532
3832
4413
2045
2298
1225
4059
3033
4565
1464
2849
2643
1306
2344
3258
1947
1045
3060
2157
1851
3138
1821
4475
2599
4492
1737
3173
2913
3030
3715
3550
2506
2762
1475
6704
4366
1847
2261
6065
3425
3285
6189
2347
2145
1407
4371
4078
3887
2466
699
4542
4521
3395
4131
2676
1317
2645
4173
1097
2883
2850
3522
2213
3642
5766
2476
1925
2165
3143
5227
921
5860
816
6038
2265
1611
5181
1633
4355
2362
2341
4783
2349
2107
5239
3834
2730
2064
5949
2744
2576
2136
4142
1915
4181
5048
7009
8635
5256
3948
5706
1699
882
1239
4299
6908
1847
3386
3071
2635
3778
4594
5268
817
3525
2427
1371
2194
1938
1951
4236
1713
1494
1385
7013
2707
4934
978
828
2499
2009
1827
5164
3463
2660
687
713
2000
3177
1598
2352
10088
4822
2443
1433
1448
1593
5837
3481
9261
3058
3370
1453
3679
7091
4045
2419
2185
1975
9362
2518
1682
1664
550
1198
785
3020
3907
3439
3033
3302
1656
2243
3459
3738
2246
2100
3032
2523
2224
4776
2032
998
8994
4542
1969
2147
2058
4080
4612
3978
1957
6034
2780
1732
3237
5727
5042
2988
1584
3970
1423
3722
3577
1560
5800
1599
1822
1012
1415
3975
3847
5551
3161
13183
3062
4200
686
7263
2697
5243
5520
800
2719
4238
3765
958
3079
1144
2356
5243
2395
2210
4441
2925
831
9901
2889
1298
2706
2125
2850
2426
2710
4282
6539
4917
767
1675
4853
1072
3909
7155
2787
3720
2208
3042
6760
2795
996
3594
1711
2883
4611
1630
4925
1952
2043
2214
2252
1921
1792
1372
2661
1032
11650
3420
515
1639
1152
2856
3356
685
1791
2377
4260
2287
7315
1707
4837
2310
3121
2473
3871
695
1766
6205
2433
1815
1347
4537
2674
2744
808
1714
8704
4154
4784
4243
4238
1852
2169
1401
4631
6237
10787
1923
2946
2331
3155
1143
5042
2165
1528
1974
1361
4242
2362
2834
1016
2680
544
4724
3091
1992
5892
1454
2301
4350
4907
1697
1964
2505
3522
2668
5440
1702
2379
2059
2083
2973
1389
5143
5032
1953
4551
2138
3135
1756
1362
2295
1751
2062
14490
3331
2250
2487
2791
3325
5900
2429
1673
3635
2961
2073
2091
6274
2322
2751
3146
4428
4500
4002
1637
1618
4575
3120
1887
1976
2818
3011
2757
2664
3574
6090
4499
6461
2522
2381
3951
1607
5137
2808
1199
1850
2706
1144
1910
5147
4263
2315
1422
6346
3618
3113
12922
6273
3428
4248
6023
4638
4716
3229
1641
1227
2435
2571
1100
6918
2440
3545
5846
5984
4097
1691
1969
1656
1853
3393
1477
3529
2084
9646
3314
2480
3644
3100
876
4000
1774
4057
2139
2289
2879
6229
2407
1624
1586
2091
3025
4317
2556
1590
3436
9926
1625
3063
4321
4783
4106
586
5873
5040
1239
249
1534
1516
3052
3751
1852
5743
4098
4114
2338
4542
5011
1571
5795
2214
1220
1272
1863
2855
1355
2135
1452
2767
7958
1347
2670
3080
2392
1702
1299
2775
1804
2196
1814
3214
1597
4118
1933
2810
2636
1040
2185
1514
4852
5042
6548
1564
1667
3221
2796
1640
3179
1484
895
2178
2432
2647
2569
1426
1867
5782
2996
1107
4260
7102
3773
3130
5680
1635
6228
4987
2092
3854
7233
3588
1622
2192
1360
2090
1791
1068
5647
4344
1101
1099
1273
6674
2344
1666
1618
2774
3338
1943
5665
2796
2584
3309
2928
2880
2020
3972
1587
3141
2444
1290
2700
3653
1569
1490
1204
4130
3350
2337
2063
2993
2855
1324
1673
1908
1892
3893
1007
2628
1683
3765
1534
1233
5607
1278
2314
1866
4126
2031
4436
3949
1623
3206
1620
2030
10383
1961
3407
2674
1354
1855
3067
3492
1670
3187
1415
2170
2910
3723
5020
1559
2776
1361
2980
2149
4087
1712
1786
2875
2130
3184
3315
891
1682
2797
8576
10192
1719
2590
2841
1571
3099
2393
5957
3286
2938
1168
2452
17124
2120
1372
6064
1242
2780
847
14320
1795
1816
2166
897
2943
4282
1610
270
489
4947
1078
2881
7349
2504
606
1536
397
4999
6660
2986
1917
2417
627
3890
498
1771
2537
2808
6717
1379
3057
2960
4620
6094
917
1835
231
1419
1499
3327
4670
336
6947
1200
462
3076
4755
4373
4548
2799
1205
3672
2541
2368
2128
1471
2280
3190
3923
3371
1279
3540
1451
2537
2507
670
3649
959
3287
3239
454
2484
3390
2674
3214
5055
2718