553
3747
1063
315
1826
3426
1611
3162
2312
2571
1312
2508
1495
1715
1891
894
1151
4412
367
960
5481
3596
5847
2520
3065
2037
6395
3997
1482
5215
2692
495
968
2133
1167
2319
1252
6963
1763
570
897
2979
2200
2736
2542
1832
4217
2679
4422
8576
2823
1845
2181
414
4380
9528
2904
3139
1378
3621
2674
1413
4952
3362
1914
935
1493
3079
909
3178
1128
1784
1131
1148
3053
909
6638
6409
2749
6111
1559
2464
3105
348
1550
1045
1481
2653
3884
3833
601
3094
833
3511
3174
2395
2289
14886
2016
1423
1645
849
4396
1570
3198
2761
2441
405
3340
2760
1756
4942
2495
1371
3266
3413
621
695
5314
3023
1878
1828
378
3766
8070
2999
1468
1798
1041
606
1351
4557
1420
1422
3246
7985
5772
6252
980
865
159
5384
3933
1543
1658
985
2253
3101
2232
1113
2511
1425
4109
3498
4228
2426
1143
612
2257
4360
2999
2263
1423
1045
5382
1085
3840
1538
1084
1948
3559
636
2985
595
629
3170
598
1000
2183
6633
4538
6042
723
2610
4516
3380
1982
2282
3126
3671
1119
438
10389
5205
2682
3729
2242
447
5860
7205
5186
2653
3559
2841
8642
5600
3497
4297
1690
2458
4883
3261
4912
2465
1014
2641
2489
1410
755
414
1143
1244
1049
2688
2191
1269
1500
3270
2402
1901
2127
4680
2651
2153
2278
2402
1535
822
6279
1403
2483
1026
375
3805
5216
3941
2030
2717
1467
1577
3896
1690
1281
1050
1829
8174
5308
1439
3834
3878
4384
4232
3561
2336
312
1993
2651
282
1168
1085
1954
2902
715
1745
1548
2036
5296
5088
666
297
3410
1515
2872
1316
3026
2986
4059
648
996
592
2962
381
2479
870
611
249
1363
942
2137
1894
1957
1236
411
1186
1879
1067
13869
920
963
868
1905
4144
2261
4876
1993
3897
1511
7548
3236
2475
2054
5321
1152
10601
5687
2830
1036
1798
1612
1518
1778
2357
3655
420
1968
270
4041
1518
4628
1265
5926
437
518
8886
1081
1545
618
2367
5829
8428
1406
2960
401
400
2839
2383
2682
3378
1690
2602
3602
4349
3777
5832
4317
831
2391
2673
1504
2044
2381
1032
4684
3426
453
835
1671
1997
2379
717
4833
2304
3926
1694
6036
5315
2135
1371
3873
2126
2120
1651
1408
940
2439
2669
3137
3522
3285
1907
1691
2922
2529
1516
3367
333
1281
2278
1002
1109
678
776
1498
1558
771
673
2526
2582
5969
2781
4747
3415
471
2284
1110
1149
1632
3147
4446
5809
500
2762
2577
913
5073
2315
2118
1866
1474
3775
2250
745
2276
2246
2204
4036
5444
1454
1959
2615
423
413
2242
2786
6699
4740
1323
3790
890
1065
1800
3235
2071
1344
796
2775
6140
553
6010
1024
1858
1832
4327
2023
2699
4723
2263
4745
1517
2528
2166
1571
1776
1281
2160
2672
3661
1123
1466
1477
3698
596
1720
1617
126
1952
1038
672
474
1564
3557
1179
2681
4070
1546
2818
2940
540
2383
4165
1993
1222
1573
1508
339
1034
6621
1439
1068
1371
476
855
3046
1727
8347
897
5641
1084
1726
5912
6888
2095
844
3550
1289
2449
1599
3411
2293
2504
3892
3410
1515
1870
1548
537
2774
1194
1479
1155
1041
1649
547
2325
2664
993
509
903
557
1642
2439
2170
2766
3664
883
1854
1594
1432
983
1223
4305
3918
1833
3368
1357
1605
354
1140
984
557
536
3944
3859
2112
3128
6733
2217
4466
2504
663
654
1481
2640
833
6548
3089
991
1253
709
1695
2828
948
2650
4686
4635
1376
1905
3070
1381
2461
2824
5272
3323
4403
4609
2440
3297
1563
1765
3356
3388
3935
6642
993
1804
2124
1731
2220
2129
2041
2062
1184
2363
1676
4171
2122
1531
3024
2866
2255
4952
2231
8464
1431
1189
2475
7809
431
2432
2041
1512
4067
3070
1065
360
3368
1987
1162
1130
2875
3494
6329
3616
1384
954
6496
951
900
900
722
1568
1872
2952
2185
3220
1772
2061
996
1871
4237
1032
15552
3913
6771
930
3721
2774
1647
960
963
4838
1259
2475
2343
2028
2103
2028
3165
3411
4087
949
1302
19271
378
5777
5593
2676
4677
1968
693
652
972
3292
2046
2690
1767
3604
4265
3583
1326
1680
12462
681
869
494
533
7239
3410
2445
1512
1415
2317
3312
1337
1068
4343
1979
1649
1715
3816
3573
3170
1745
2272
601
1961
3304
5832
3743
5607
4048
1156
4465
1884
603
841
1717
1748
1496
1492
483
5013
3345
2327
2492
2022
2019
1963
2129
3627
2368
1896
2095
2116
1157
1750
1438
901
2686
1471
3872
618
1562
1348
1958
2629
1395
4838
1010
3080
3639
2791
5892
2383
876
691
1172
3477
585
3427
2568
5814
2524
5086
2364
11135
2371
9041
3707
3316
4168
3733
2856
507
2002
4453
1550
1323
1101
1200
4825
1975
2299
1275
4443
2314
3588
1957
2008
1568
2089
1552
1463
1461
15285
1751
1684
3664
1936
2786
5664
4928
6825
6213
7210
2916
5619
2335
1923
6224
3705
2055
4092
1897
2216
1489
1170
1508
2208
5289
13271
3891
2320
2027
2348
2224
1840
2470
3480
1210
2005
5761
1530
1584
1757
1542
1570
1401
1353
3713
1831
1394
1489
448
7971
1209
3457
2096
1724
727
3332
2338
6217
1400
2464
667
1614
3237
1580
2568
3937
3658
1312
6058
3374
1756
1398
660
6378
1459
1689
1583
1438
2181
1870
3415
2311
3540
4236
2665
1865
5498
3105
3017
1321
2722
4567
2102
901
1164
606
683
354
9849
198
2641
2065
1563
3093
147
2231
5357
2629
2674
3581
1004
5267
2998
2374
2435
2157
1312
1944
1563
1732
910
861
910
549
549
1626
1960
2858
1133
2529
1738
4164
2391
2784
462
1548
1823
2612
786
4265
1057
2098
2070
1565
1594
2135
2865
2186
255
408
4864
4017
2165
1045
4241
2357
5229
3170
6362
1632
3499
970
1040
1012
2262
1586
2203
2463
2257
1719
1950
1179
1679
1761
612
1058
2254
318
4402
3743
3393
1679
2666
1225
3142
397
5118
2565
6286
916
8864
2650
2290
1008
3553
1672
2410
3593
940
968
1032
595
11114
4200
1666
3224
900
2175
1136
2700
1931
1125
1179
6586
3893
2707
1525
1328
1498
1848
4087
3079
5204
3276
2080
929
6807
1693
1201
707
3878
1104
1044
2365
4053
948
2561
2664
1436
2783
6192
1866
1416
4376
9085
2176
1591
1036
736
2090
2511
6492
2706
2893
914
1667
4581
589
5735
2054
3192
1008
796
3928
4627
2594
2793
11444
3971
1403
1571
2492
1984
3258
2164
3178
6639
907
1515
2959
964
1502
1949
2624
662
6117
2093
576
3428
2809
2648
3482
1602
601
1825
2357
5835
3023
4414
4056
1662
1112
1902
1958
5448
2302
3917
2143
2561
6030
2424
2000
2839
8203
1946
2519
2073
2500
5485
4406
6762
1134
2108
1752
1302
1570
4469
3556
1418
2908
5520
2042
1501
1501
2467
1344
6597
27652
735
3434
2536
2783
2411
2536
1052
2860
684
1173
3661
273
2772
1135
2931
3413
5412
1499
3035
1048
618
1330
2276
3052
1386
1286
2819
891
802
1910
7393
779
1179
2428
1826
446
2572
2046
1478
4723
1566
3224
2602
2327
5674
3374
855
2383
1707
1375
3187
4565
2769
1964
6609
4367
3001
3277
6674
5679
3964
3176
1391
1341
1995
1266
2259
2097
3097
3037
1606
3210
484
1396
4023
4348
1100
780
2662
3096
585
8319
4687
2533
2864
288
288
4185
1997
5319
676
2365
4473
5217
1848
1974
1353
3666
1525
1272
1316
3967
9372
1297
4006
4138
1598
4605
1730
1597
4013
5926
2053
2906
1835
1954
2965
1610
2324
2901
5418
2860
1649
390
1472
2377
2335
4315
1920
3030
3284
1292
4545
1057
4161
1160
3456
2166
3500
2098
2298
4915
234
1585
1708
2907
1936
2164
2233
4339
1729
4329
2317
2420
2271
3580
1327
1521
351
1916
1739
3184
2283
2709
1799
9985
3861
3181
1991
1854
7197
2344
1522
1774
252
4009
2369
4214
2578
2777
4015
2807
6466
4504
1412
5285
1482
6704
2697
2774
3266
1454
6220
800
1342
5377
1657
468
5121
4219
3578
5242
2982
4521
2794
1548
2596
2174
4925
1732
1335
2663
1852
450
4353
3588
1936
552
2623
3429
899
9252
2035
5918
1856
2703
3839
2261
2842
3510
1335
6322
1718
2289
3622
5185
3622
3978
1006
14093
4029
3052
2133
1943
1075
2486
1844
2695
1887
2894
2177
2256
3109
3757
668
1999
2053
4857
1355
1117
2151
4151
3636
1167
1649
1784
1871
3832
5555
3468
1627
6888
1083
1771
930
4445
3844
5087
3920
1299
2725
2486
1530
2493
2116
3223
1838
876
1893
2779
2372
1952
1572
2592
900
252
3082
1991
3985
1419
5520
4493
2126
3911
2763
1801
2933
1333
1987
2040
3810
2933
4582
4021
1622
3814
8077
1566
1317
1769
873
647
4805
5105
1005
2121
6016
7619
991
1708
4872
1921
1796
7594
7870
1650
4888
3309
3558
5703
1728
5147
4820
2808
3093
3540
3213
2825
841
4025
1900
5003
2363
5882
3774
3446
869
2838
207
5708
1504
1339
786
2727
2757
3905
3923
2618
2165
2265
1173
2605
1768
1996
2313
2643
1204
1289
1809
4880
757
742
300
6861
2272
1027
11705
4467
4326
1101
8565
2215
2936
648
1925
2515
6479
2138
138
4450
1964
2365
3064
3124
4015
468
2104
1230
1782
4457
3077
5227
1271
2183
2036
3660
5297
3344
4244
3489
2322
4494
1740
1196
1053
4801
2772
2413
3916
2362
7405
6304
615
2616
7597
10110
1986
1868
1703
2409
3162
1203
1188
2826
8615
3449
3606
3384
886
1354
2567
1344
2965
2791
3441
3073
888
1584
2175
5730
165
2108
2584
1469
1315
2089
1415
2698
1779
1482
1169
2898
2950
2919
2981
6071
3530
7650
237
3687
2094
2665
1073
5412
1479
1161
3670
1517
3174
578
1567
3948
1895
4754
1601
1733
2043
3600
2797
2890
6160
864
2373
11423
3568
2164
3105
2499
1047
2429
1157
5495
1920
707
3595
1429
4795
1176
2166
7263
3572
6401
1412
2440
5354
1708
2072
1665
539
6642
2999
1279
1293
11376
2980
1628
5173
2790
813
3549
531
2933
2712
845
5537
3701
2694
2306
2132
1626
1843
1374
1316
2941
1718
2470
6050
2755
4315
2216
2777
1937
1545
1845
539
7968
4197
1822
2109
2742
1178
1237
1341
1643
579
3254
1971
3155
1662
5360
3888
3237
3870
2307
2333
5990
2449
1895
2203
4585
2613
5165
5428
3550
2494
4512
5864
4254
6214
4323
1846
5747
2722
631
1031
1511
4367
1802
3149
408
1543
1233
1698
5801
6635
2562
4107
2549
7468
2525
4008
3857
4079
4621
2054
1843
8190
2865
3634
1323
5192
4654
3279
3585
10363
2027
3049
1193
2679
3952
2637
1946
1399
1632
5921
4394
3041
2421
2186
1954
3295
2320
2973
3121
2090
1598
2950
3236
4193
4783
1821
696
1761
2026
1677
3288
3163
3745
450
2610
582
963
1041
3331
872
5703
2332
2974
1066
1832
4263
1349
1582
2976
3715
2439
2746
4598
2604
5185
5077
1173
1114
4857
3283
3496
3548
2207
5211
1476
2508
4541
2912
708
1632
1490
2291
3675
4002
3617
2451
1964
3573
1076
3246
888
3241
2717
1855
551
1656
2617
4145
4184
2942
1257
3950
568
2489
1441
1823
2527
1739
2882
2370
1568
4703
4488
6532
1702
2121
1119
2980
4525
2700
1019
3853
1812
3989
2991
2269
6868
5528
2533
1596
1014
1354
1644
3642
3547
1914
3630
1081
4273
1836
2145
4341
2543
6880
2835
1644
1631
4611
5112
6620
2357
2168
2427
1079
3245
7762
4335
1599
3817
2424
3717
2099
1832
3566
1887
5613
5163
2484
2920
3856
902
3043
2577
3933
2427
837
4148
3938
4143
11740
1530
6924
1499
1059
7931
5272
2526
2208
1728
1741
3170
7191
4727
7997
2227
2067
3516
2102
2993
2375
2349
2258
1008
3749
3713
502
4258
3507
2682
4206
4207
2901
6918
1434
1725
4126
3781
4257
1837
2278
5493
2770
4942
2156
5120
3230
1853
3161
5804
2415
2320
9460
2335
3998
4309
1515
3626
1331
5566
2536
3186
2739
4181
2163
3814
2022
1347
612
4481
8125
3059
1844
2108
2022
4103
3168
3715
2816
5211
1791
6605
2650
2019
4158
2654
5915
2397
1153
1952
1751
1125
1410
2282
2101
3926
4432
2997
2143
4569
369
2112
1866
3643
4815
2366
3826
480
1845
1802
4484
2334
5455
857
5495
2328
3928
7766
1505
1547
3281
2499
1329
4879
2999
2749
2321
1783
1458
5089
1562
1364
833
1137
3178
4563
3567
1009
1853
4038
1178
1931
6355
3228
2728
3741
3535
3131
5401
2089
2589
3372
2382
4605
2273
2789
1629
3929
4190
3496
1679
1180
1813
477
2693
1188
1364
1009
4896
4563
1644
4060
2620
1555
1230
6326
1804
2966
2462
3082
4022
360
1881
1635
3278
1035
1757
527
3707
5138
2769
1793
5970
2741
2077
6336
3753
765
969
957
1641
2664
5193
3885
2116
3572
6223
2752
1723
4717
3814
3262
1652
2660
2729
2244
4458
2969
2320
1079
3022
3346
998
1692
888
4086
5786
2186
983
3094
1646
1317
4799
1416
3059
756
936
1214
455
1547
1140
2498
3240
2212
3034
2168
2369
985
2676
2283
3327
2228
2976
3008
4284
2018
4563
8423
878
1233
570
2220
2442
2481
923
1532
2108
2222
1592
3022
652
2957
2851
5359
830
2169
2493
4146
1710
2656
5856
1637
2643
2045
1513
4016
1801
2553
1550
921
2920
2094
2720
2731
1288
1765
1820
393
6802
5056
5409
1594
3465
2765
2187
1490
2617
1900
506
1919
2948
1150
1828
3458
4518
2474
2580
617
3952
1137
1409
1236
3822
3377
3187
861
6932
3064
1356
3005
2636
921
1687
1661
2742
1399
2248
2504
2209
539
4766
3003
2012
3629
1505
1752
2939
4070
921
4676
1668
429
1179
1163
5627
6470
4200
984
1830
7193
4339
1867
4068
3190
1592
3630
7134
1594
4808
1601
2968
4203
2142
2198
2289
1133
1413
2296
1291
3692
5699
3777
2165
5510
6013
1037
6842
2108
2189
4540
1119
1956
1647
2178
1248
5089
3018
2516
2601
1393
2870
4380
5571
3218
2433
1746
6177
578
2709
3267
1353
1399
2848
2363
3408
1675
2877
3022
5787
6510
2253
1455
3610
2734
4624
6707
1754
4408
2347
512
3992
2775
3090
3134
1814
4422
2872
4538
2760
3866
3360
5677
2458
2845
2992
4902
6104
881
1472
11734
4108
713
3214
3486
1641
4798
1295
3408
1496
2052
2820
5555
1681
2285
3919
1259
2384
1576
5359
8093
918
2020
1953
4342
3303
3258
1393
2976
4382
1938
5122
897
2256
2680
2162
3144
2740
4662
2299
3603
3943
1924
1092
1625
5119
1752
2475
2822
1835
2830
1917
6807
3650
4052
819
1131
3034
1854
4910
2898
9377
2470
1855
3864
2616
6403
1938
483
3575
7985
925
2151
5632
1498
2118
5183
3430
567
1220
183
2001
1111
4163
2361
3730
557
8497
4079
5734
4913
1935
138
3143
2530
2761
2812
3085
2448
771
1643
3910
1534
447
2699
2969
1873
6926
2328
4169
1819
5049
1901
2052
2275
1766
7021
3429
2939
2366
4736
871
1294
423
3231
1945
4235
7071
2141
1964
4786
2499
939
2279
4414
2533
2211
5065
2660
1418
4571
4493
4894
3761
3472
3946
3341
3332
2852
1747
2200
3328
3485
4236
5287
2534
629
6774
3700
9767
2035
2468
3955
4967
4234
2479
3421
1080
2353
2654
2200
4334
5554
15213
4748
2037
4461
3799
1918
291
7556
1442
1664
7995
5338
2228
1436
1499
3829
1661
3068
1983
4682
2541
4734
1595
4393
3240
3392
10154
5641
4289
3476
681
5859
3164
396
1724
2997
725
1558
5974
1918
6307
3484
1943
2931
3125
4840
2967
2110
4040
3363
6123
2203
1818
2757
3293
3318
1276
3187
1782
3124
2072
1304
958
3169
2465
3936
402
3763
5296
5060
4206
396
1224
707
4022
1990
2435
1061
2992
1416
3118
2880
402
2818
2967
4970
1767
2530
465
2135
3604
1121
2465
2326
3687
2055
2763
3083
810
1240
2324
1434
5525
3151
3136
2958
183
6360
4183
3303
4574
1507
4630
2393
1786
1926
1870
1126
1932
1971
1505
592
1374
5030
952
4021
3105
10984
2069
1967
3364
2770
2663
2645
2328
1172
4190
2837
3895
2264
2062
255
1607
2086
1191
4840
4179
1154
4850
2550
2742
2433
1078
2732
2101
3607
8382
666
4703
1377
2421
5301
1512
1477
3643
2059
4291
3391
1857
2329
1392
1577
910
4726
2440
4757
5575
1115
3309
3082
3110
1682
2892
2406
1723
2834
3311
1164
2816
3297
2919
2244
1750
1257
2538
1742
2649
1806
4465
2736
2116
1886
2884
1733
2579
2420
5986
4569
2684
2063
4784
2514
4567
2749
1720
6142
1687
2343
3852
2397
2118
2391
739
774
4461
5035
4596
5207
1097
1928
2917
1405
1336
884
3645
5429
1824
1188
6157
1811
3257
3175
2373
1674
4976
4045
1786
5376
1816
2482
4549
2601
3448
2477
2950
3177
4236
2117
4294
2255
1297
1618
4565
1986
1948
4425
1749
4670
3234
2412
6579
2793
2133
1935
3082
3234
1152
4493
4180
7177
5206
3562
2012
1293
1381
1291
3716
2290
2248
2271
4649
3025
2760
4672
2004
171
4064
2307
2676
1018
3219
2733
5168
2586
4453
2514
2212
2004
11881
1313
2185
5687
2305
3333
5510
651
1161
1881
2318
1060
3646
1377
2685
4344
3674
6242
3907
2283
2390
1534
2497
1528
3026
1107
812
4561
1650
3687
2233
2345
3185
1959
2222
7949
576
1634
4232
3142
6009
4831
3595
4183
5305
5685
1737
2012
1729
1890
3194
3766
3193
2796
1976
2170
2312
3448
1038
3019
1396
4863
4172
1531
1426
1766
9166
1431
819
2696
4304
5718
5262
1558
6524
949
3513
2030
2913
2400
2963
1683
1529
2464
2733
4265
957
3766
5779
1944
2305
2983
4649
4157
3494
4949
2158
3865
4659
2467
1918
3225
2273
522
3629
4491
933
1283
3253
2621
3795
1861
4215
4222
3927
3422
1668
1684
2039
892
3780
1764
1584
6405
3452
3405
1529
2002
3569
3673
3158
2384
1702
1061
4830
2626
4720
2233
2962
3196
480
3086
5058
1681
2733
1890
2601
1458
3752
3878
4479
2205
776
1157
540
3210
2040
2644
1385
8301
1299
1531
5198
1423
2363
883
1373
2627
4710
3390
3794
2888
1253
661
1272
2442
2051
4295
1521
1151
3321
1763
5659
1853
4418
7385
4165
6089
821
3428
4716
1705
6221
2605
1489
3432
7678
10646
3913
1030
816
2048
1840
4943
1630
1584
2157
713
3702
3932
2723
2669
4171
390
3801
1417
1268
1107
1399
9361
2968
3710
708
3279
822
1071
3042
1347
1464
4566
817
609
459
1446
1125
1150
988
960
1853
4612
2219
8026
2499
2115
8716
919
3186
3474
3845
3945
3029
2364
1915
1937
4859
1655
2533
609
2798
617
2934
5692
1054
2133
1687
3333
4328
1045
1429
1898
4278
897
3766
13701
913
3482
2786
2022
4511
1926
2200
2048
705
2787
7692
2045
2799
2147
1096
1907
2049
1185
1490
2422
2354
6588
693
4268
3231
1536
968
2431
2242
1505
1409
10534
5164
2574
2410
2696
1294
2200
1915
1617
5724
788
1967
3345
2793
1724
2820
1242
1249
1222
552
2671
1734
2572
1702
659
5100
2395
2744
1112
1694
2408
1981
5827
1295
613
1337
2181
2186
2118
5393
2243
927
1272
1852
2106
962
2377
6735
4570
2426
3807
2902
18200
5100
814
2515
2997
3064
3110
2084
1857
5378
2398
5091
7077
4355
4210
3921
1702
3548
3598
3759
807
3555
1762
1721
2371
2913
213
5261
1290
4858
6626
2426
882
1879
3127
3342
3221
3531
3208
4199
2147
2007
4413
3566
1878
1801
1348
2619
2560
4538
5817
639
1902
2967
1572
1151
407
420
2090
5145
1006
3344
438
3871
2424
1224
1747
1774
2261
3045
1686
5347
1255
1611
1082
4506
2587
3717
3636
1491
2480
4449
3252
2127
13252
4666
6820
1522
2403
1474
2906
3944
2043
2917
1885
2024
621
5857
1079
8019
2372
1616
3374
3804
3861
2218
1540
3791
1109
1605
1461
2649
2430
5044
7398
3765
2434
2345
1905
1994
2326
2366
327
3014
2032
1912
1028
2664
5521
1133
7513
1296
541
3092
3420
835
8886
3427
1088
1444
3180
1463
1623
4028
3204
7172
1660
1960
821
957
2184
4139
3365
2538
1569
6783
3713
3059
3649
2260
2043
1346
1763
1947
3282
369
2299
768
1587
1352
3463
2049
1264
1035
3989
3797
756
5705
5724
2061
1900
4643
5096
4193
7848
3445
2467
5765
2494
1822
2824
2347
3513
2087
3537
3551
2325
2109
2555
1757
8010
2706
1125
4659
369
5404
1285
2361
9096
2148
4490
4660
2034
5620
1357
4607
3205
1977
3250
2046
5189
1255
3786
2338
2614
2637
980
4446
3600
1822
7710
4684
4921
2482
1462
3084
3917
2536
2901
2558
3182
1999
3618
2201
7696
4734
2963
4416
4157
521
5057
4474
2842
1754
2118
2101
3276
5267
1288
1209
5066
2205
3919
2828
2551
3070
7074
5473
2569
1347
1734
3336
4545
3320
1333
4416
4278
1782
1950
156
2347
7700
2159
3125
4189
4171
4290
2054
462
1839
2236
6049
2102
2146
1921
1483
5493
1080
2069
2265
4370
1019
2658
960
6664
2598
5242
2881
1552
3410
3298
4635
2177
3658
1505
390
3115
7598
4942
6550
636
1652
729
1134
1994
1391
1972
1516
1778
3691
5065
1543
1298
3307
4080
2262
2602
12533
2664
3334
2250
1676
2132
4154
6992
1903
870
1747
894
2823
3007
3440
2905
1666
1036
524
4611
1936
2809
3675
2199
8053
1925
2309
1594
4163
2823
2955
477
869
6435
1751
4428
1948
2469
2367
5767
1837
4363
3885
1256
5813
3939
10819
1936
3746
877
3756
2169
2630
573
5813
1433
2359
7524
3785
2024
6519
1969
1077
1146
5683
1193
591
1291
3362
2376
2182
1974
4376
545
2506
1709
2916
2833
2233
2281
786
1930
1525
3827
7805
1517
1624
4751
1460
2195
2312
1659
2994
2627
3164
4510
1548
1512
1929
6981
6450
3599
437
1382
2851
3620
631
4570
1766
3633
4153
2771
2395
2292
2255
270
4597
6251
790
3831
2442
1928
2467
5115
2111
654
6697
1646
1784
2047
2271
2362
902
5791
2422
4269
1531
1976
2065
4705
1811
2055
498
2937
2641
1628
1775
2390
3493
921
1038
1029
822
138
1020
2367
1505
6031
5376
1385
722
4589
5395
1920
2119
6993
1582
2572
5624
1648
3158
4377
2094
6875
4402
2312
2052
4229
2631
501
5599
1157
2485
2367
939
1514
2575
2800
1303
1317
979
1974
2635
2116
2047
2968
5389
3921
2956
2512
4339
3615
3382
3021
8713
3464
2979
993
1753
1680
3598
3363
2633
2455
3606
1820
5688
7445
432
2645
5154
1568
3290
4052
3331
4634
3915
5149
1151
1904
2886
4513
1713
4371
2501
1926
2212
2306
2268
1094
3410
471
5517
6137
1258
2677
3971
2293
1086
2007
8499
642
1235
1451
2788
4794
1588
3715
1893
1170
2075
3856
4860
4751
6621
4437
3083
2303
1008
2004
2503
3159
2439
1071
1095
1643
1235
1818
4900
1090
2000
2171
3872
3042
3586
2006
1953
2071
1758
1779
1766
1408
3223
7549
1605
2994
2309
1554
2251
6181
3020
2104
7742
2021
2177
3503
5428
987
1414
2761
1830
706
3564
1508
2210
2087
832
5263
1158
2379
2494
2122
3714
4040
2371
3111
582
2711
2041
965
711
1020
2925
1527
1614
1111
1111
2208
4831
2176
1854
3600
2642
3716
2499
804
1979
570
6320
570
3854
876
1160
2319
3183
1145
2790
1620
4244
1696
1212
1679
2252
8221
1618
2383
1558
2705
2819
2454
918
8262
1516
1713
1248
5405
180
3070
2635
1748
4187
3947
963
3149
4744
3101
2185
2968
1949
1037
829
2313
4380
2358
890
2380
4618
2336
1282
2970
3713
1985
3701
1877
836
3151
4442
4805
811
1359
3372
516
6941
1847
9297
7200
2073
3331
4582
922
754
1131
2670
2381
2635
474
3751
1234
786
5881
4405
6020
3370
1850
2131
5322
2043
1426
5597
4362
597
3807
354
672
3035
1974
3344
2612
2400
4437
3009
4494
4322
2765
1293
3759
3375
612
12493
1754
3224
762
2785
2113
2748
834
837
1900
920
3266
5336
4362
4056
5823
5047
736
2495
1459
2174
2267
4670
321
4054
795
614
1948
2729
424
3532
2623
3448
2420
1225
3184
3961
1267
5952
2054
1828
945
2818
2495
5122
1666
2760
3632
1101
2510
1987
4636
2519
2306
8041
2202
3397
3147
3254
840
9542
2509
4985
2596
1099
1886
4383
9723
2868
243
2951
444
1407
1067
2268
1501
2871
3258
4556
1108
165
456
3530
2177
3884
2192
3060
1162
4195
3169
1462
717
2819
2922
1951
1630
1638
5891
1109
3567
3719
1441
2089
3013
2007
1672
1821
3508
2613
2214
3924
2409
1556
4785
1731
1888
297
541
321
306
626
5870
718
1656
1956
4567
1939
513
619
3657
450
1352
3250
3776
2475
745
2306
997
1093
2489
4071
2089
1980
557
1815
2510
2469
1321
2424
1869
1766
2343
4909
1024
717
1422
1821
4346
3782
1239
2679
3638
2088
2717
6237
3740
1677
270
1442
960
933
7021
1663
603
1009
2137
3577
1332
4115
3502
3062
3046
919
2177
874
4073
2019
6236
5172
4343
2552
4294
1669
706
1573
3570
3650
3608
4705
1233
2079
1992
2563
2185
2801
3323
2345
2134
3730
5064
1631
1049
1973
1814
6745
1657
4730
3289
1049
3741
431
1151
504
921
1757
489
8931
5722
5583
4002
3790
1562
3890
4548
2192
9645
1881
5488
3128
1952
3318
4009
774
5335
2090
8392
1761
2571
2195
1518
1965
3582
588
3174
3137
5729
14771
1795
2794
2568
7101
3364
3262
2005
3043
6504
2331
4389
1139
2456
4560
2170
10342
3309
2863
1808
3036
3669
2376
1416
1636
1173
2131
2152
576
5128
2082
1058
676
2950
2930
2081
4385
177
5568
1542
2816
2736
1815
6482
1792
5927
3877
2226
1316
1607
5020
4769
1727
2550
1502
5401
3898
1413
3999
1496
4599
4156
3098
4093
5756
495
1374
2715
2411
2481
3086
2044
1083
4109
1696
4290
5737
5711
3532
1484
2749
2207
6371
2951
3804
1303
2047
3259
3031
855
783
7282
1633
1711
2925
2671
2770
14789
2430
4346
1727
2306
1334
2949
1700
3213
18021
2278
2219
2567
3002
5449
2447
1405
1464
963
3905
2368
5560
1169
2306
6831
3383
2443
730
1538
7337
1009
747
4089
2571
5083
1771
885
2001
690
1660
3808
3525
2808
3024
3760
1092
5744
2366
4457
2899
1945
1107
4954
1345
1068
4576
813
4752
4774
2757
6315
892
2520
2900
1813
2145
4674
1529
2068
3047
3261
2440
4213
1696
3023
2828
2772
5233
2205
3075
2337
1591
975
2834
2054
1792
1065
2199
2454
2104
4045
2528
4870
6945
2977
3176
3363
3149
7872
5643
2753
3750
1542
2032
6404
932
2505
4040
3086
1430
2504
2468
2450
4795
4551
1245
1338
4226
1579
3865
2002
3842
1102
4919
3914
3900
3484
2536
1774
3509
1725
10299
6622
5983
2514
4691
2874
2096
1008
1718
2143
3164
1753
5096
3719
3224
2345
2551
3073
4076
1439
465
3321
1865
2024
885
1388
3452
738
1609
3239
3064
3242
1028
2184
3372
6308
4305
1456
2703
979
363
3850
1611
2895
8070
1337
3416
10695
8475
3561
2936
939
3492
3437
2185
5628
2468
9088
1897
4561
954
1318
2760
2267
2791
4677
1878
6042
5464
1560
273
973
3944
5222
1364
1411
1825
1011
2659
878
2872
709
776
1705
1351
2360
4145
3172
2136
1810
3814
711
345
363
1899
1188
6219
2689
3267
2949
1279
860
3157
1897
3609
1500
2538
3116
2274
5670
4002
2384
6425
2814
4395
276
150
3735
3394
3101
1623
2814
3919
3754
5916
3405
2420
2562
6714
2142
1910
3596
2191
2527
1821
3864
6256
3366
1105
2032
2200
3932
336
2333
3683
2243
525
2171
2757
2408
1231
3899
3997
4086
1487
4823
4262
4350
1600
4176
1106
423
2941
3781
1083
4375
4383
4354
1436
1990
2849
3893
8770
5370
2065
2345
6089
5296
6333
5928
3162
1935
1092
3784
4596
5727
1421
4071
2661
2925
2932
20409
2529
2686
4404
6774
5157
1831
4180
5010
2586
2464
7514
818
1912
2903
2310
3596
3178
204
2602
997
2800
4435
1972
590
3628
1806
1659
2470
1481
5390
2540
3690
3397
3378
2952
3728
1080
1693
1158
5120
1089
4649
5501
2222
4508
1714
3620
1011
2941
5383
3186
3094
1409
4153
2948
768
3871
2556
2311
7854
2415
3370
5219
2304
3862
4472
2030
2282
2926
2890
3073
1781
893
3636
3511
2923
2525
5284
3822
705
2560
977
2905
4705
4107
5610
2248
3174
6139
938
2590
2428
3372
3530
936
2464
3221
3026
3256
387
3121
3891
1495
3361
3984
2177
5216
3268
2895
2185
1383
2001
4682
2199
2471
694
3355
2658
1350
1667
1717
2207
3426
4069
2522
3240
2700
1552
5196
6230
3034
1313
710
4806
1690
4544
99631
1832
2910
2416
609
3650
2935
4554
1770
5507
1848
3851
7111
2165
1896
3939
1044
3260
3625
7353
2159
2561
1205
1860
1580
1867
2221
2538
3249
5888
2592
1853
741
3040
1391
1777
3367
1701
13694
3979
3628
2040
3897
2820
1276
1778
6816
2191
2947
8090
1245
3691
1928
2304
2160
2007
2098
2459
6310
2082
6109
930
2462
5821
1032
4172
366
1900
2513
3417
1540
7333
1524
2750
3852
1202
900
1710
2971
1901
1818
1514
5641
675
1804
1801
5453
4121
3399
2308
687
2229
1440
2179
3669
2558
613
2834
3868
1509
4755
5587
3699
937
1406
2507
2300
504
5024
1339
2478
3664
3469
2888
3676
3868
3616
4759
5882
3144
1665
868
456
1573
729
4560
1512
3005
2376
8287
1505
5937
7002
1636
2487
2215
1888
4250
1826
351
3502
1348
4896
1514
1194
333
2706
2117
2890
2678
1614
2635
3895
409
3580
8415
3935
2924
4570
3208
1450
1206
894
3698
1128
1883
3809
1226
526
4657
1327
545
1463
192
2691
1125
2286
5657
4914
6804
870
4468
12970
4840
1594
1249
2419
2358
1619
2132
2497
1915
2429
2003
4607
5486
3850
6857
1824
2912
3501
3621
4350
2777
1187
2132
2482
906
2858
1276
1962
2874
1583
1163
819
1788
5038
3906
1763
1606
1411
7192
1858
4813
1998
3659
3556
2644
3676
5535
1512
2904
4668
5969
3957
4153
2191
3634
6378
2485
2919
3099
3669
1835
3048
1298
2563
1417
2564
2797
1353
2343
6216
3321
2707
2043
7504
2894
5601
3683
1420
1294
4240
2482
2256
7609
1385
1602
4516
3305
435
2561
5350
790
5138
3402
3062
2490
1687
2709
1704
2642
558
5702
1920
2072
1398
5665
3511
1414
2363
1253
468
3540
856
2524
3987
2194
1888
1764
3740
1021
1688
2803
1750
3521
4515
2740
1913
1421
3754
2412
2228
681
4411
4948
2689
4796
5990
3491
639
4584
2899
1772
4270
2024
4040
3161
2366
4403
3089
3014
5284
2632
4039
4197
2118
3780
5988
811
2115
348
2583
1034
908
4171
1949
2162
1322
2483
3756
1919
3044
5055
4645
2252
2066
4042
1191
876
2087
1285
12351
1137
382
1326
1396
2031
1323
570
5357
3557
1291
2916
3441
2946
1733
2007
2278
5221
2046
4054
735
2592
9001
5495
1820
3026
3177
3326
693
1847
831
2054
1984
1150
3792
1806
2716
2329
1362
2261
3548
645
1176
1189
3520
870
2659
1949
2551
4330
3730
2039
2349
591
473
3375
1929
1069
1829
3695
1464
5546
4350
6376
767
6352
1569
1663
2344
1427
7039
3988
963
3119
1744
1935
1144
2240
3564
8439
2823
4410
2837
3877
5395
1817
381
1353
805
1182
800
644
2476
2988
1742
1211
3800
1459
6215
2380
711
1209
970
966
1520
4232
2278
1942
3885
4988
5970
873
2082
2992
2213
2716
309
3584
2263
2068
1644
1313
3977
1710
926
3123
2709
2047
7086
3246
3160
6747
1599
5649
607
5250
3453
1547
2312
3030
228
1173
1798
3586
1787
3379
1811
2430
3320
3029
4195
956
3127
5765
1805
946
2266
2403
1003
2041
1661
761
4110
4494
588
4381
4870
3448
6074
2268
5250
2137
3944
3878
926
1605
3686
2447